-15.000000    0.000000  0.000000  0.000000 
-14.984992    0.000000  0.000000  0.000000 
-14.969985    0.000000  0.000000  0.000000 
-14.954977    0.000000  0.000000  0.000000 
-14.939970    0.000000  0.000000  0.000000 
-14.924962    0.000000  0.000000  0.000000 
-14.909955    0.000000  0.000000  0.000000 
-14.894947    0.000000  0.000000  0.000000 
-14.879940    0.000000  0.000000  0.000000 
-14.864932    0.000000  0.000000  0.000000 
-14.849925    0.000000  0.000000  0.000000 
-14.834917    0.000000  0.000000  0.000000 
-14.819910    0.000000  0.000000  0.000000 
-14.804902    0.000000  0.000000  0.000000 
-14.789895    0.000000  0.000000  0.000000 
-14.774887    0.000000  0.000000  0.000000 
-14.759880    0.000000  0.000000  0.000000 
-14.744872    0.000000  0.000000  0.000000 
-14.729865    0.000000  0.000000  0.000000 
-14.714857    0.000000  0.000000  0.000000 
-14.699850    0.000000  0.000000  0.000000 
-14.684842    0.000000  0.000000  0.000000 
-14.669835    0.000000  0.000000  0.000000 
-14.654827    0.000000  0.000000  0.000000 
-14.639820    0.000000  0.000000  0.000000 
-14.624812    0.000000  0.000000  0.000000 
-14.609805    0.000000  0.000000  0.000000 
-14.594797    0.000000  0.000000  0.000000 
-14.579790    0.000000  0.000000  0.000000 
-14.564782    0.000000  0.000000  0.000000 
-14.549775    0.000000  0.000000  0.000000 
-14.534767    0.000000  0.000000  0.000000 
-14.519760    0.000000  0.000000  0.000000 
-14.504752    0.000000  0.000000  0.000000 
-14.489745    0.000000  0.000000  0.000000 
-14.474737    0.000000  0.000000  0.000000 
-14.459730    0.000000  0.000000  0.000000 
-14.444722    0.000000  0.000000  0.000000 
-14.429715    0.000000  0.000000  0.000000 
-14.414707    0.000000  0.000000  0.000000 
-14.399700    0.000000  0.000000  0.000000 
-14.384692    0.000000  0.000000  0.000000 
-14.369685    0.000000  0.000000  0.000000 
-14.354677    0.000000  0.000000  0.000000 
-14.339670    0.000000  0.000000  0.000000 
-14.324662    0.000000  0.000000  0.000000 
-14.309655    0.000000  0.000000  0.000000 
-14.294647    0.000000  0.000000  0.000000 
-14.279640    0.000000  0.000000  0.000000 
-14.264632    0.000000  0.000000  0.000000 
-14.249625    0.000000  0.000000  0.000000 
-14.234617    0.000000  0.000000  0.000000 
-14.219610    0.000000  0.000000  0.000000 
-14.204602    0.000000  0.000000  0.000000 
-14.189595    0.000000  0.000000  0.000000 
-14.174587    0.000000  0.000000  0.000000 
-14.159580    0.000000  0.000000  0.000000 
-14.144572    0.000000  0.000000  0.000000 
-14.129565    0.000000  0.000000  0.000000 
-14.114557    0.000000  0.000000  0.000000 
-14.099550    0.000000  0.000000  0.000000 
-14.084542    0.000000  0.000000  0.000000 
-14.069535    0.000000  0.000000  0.000000 
-14.054527    0.000000  0.000000  0.000000 
-14.039520    0.000000  0.000000  0.000000 
-14.024512    0.000000  0.000000  0.000000 
-14.009505    0.000000  0.000000  0.000000 
-13.994497    0.000000  0.000000  0.000000 
-13.979490    0.000000  0.000000  0.000000 
-13.964482    0.000000  0.000000  0.000000 
-13.949475    0.000000  0.000000  0.000000 
-13.934467    0.000000  0.000000  0.000000 
-13.919460    0.000000  0.000000  0.000000 
-13.904452    0.000000  0.000000  0.000000 
-13.889445    0.000000  0.000000  0.000000 
-13.874437    0.000000  0.000000  0.000000 
-13.859430    0.000000  0.000000  0.000000 
-13.844422    0.000000  0.000000  0.000000 
-13.829415    0.000000  0.000000  0.000000 
-13.814407    0.000000  0.000000  0.000000 
-13.799400    0.000000  0.000000  0.000000 
-13.784392    0.000000  0.000000  0.000000 
-13.769385    0.000000  0.000000  0.000000 
-13.754377    0.000000  0.000000  0.000000 
-13.739370    0.000000  0.000000  0.000000 
-13.724362    0.000000  0.000000  0.000000 
-13.709355    0.000000  0.000000  0.000000 
-13.694347    0.000000  0.000000  0.000000 
-13.679340    0.000000  0.000000  0.000000 
-13.664332    0.000000  0.000000  0.000000 
-13.649325    0.000000  0.000000  0.000000 
-13.634317    0.000000  0.000000  0.000000 
-13.619310    0.000000  0.000000  0.000000 
-13.604302    0.000000  0.000000  0.000000 
-13.589295    0.000000  0.000000  0.000000 
-13.574287    0.000000  0.000000  0.000000 
-13.559280    0.000000  0.000000  0.000000 
-13.544272    0.000000  0.000000  0.000000 
-13.529265    0.000000  0.000000  0.000000 
-13.514257    0.000000  0.000000  0.000000 
-13.499250    0.000000  0.000000  0.000000 
-13.484242    0.000000  0.000000  0.000000 
-13.469235    0.000000  0.000000  0.000000 
-13.454227    0.000000  0.000000  0.000000 
-13.439220    0.000000  0.000000  0.000000 
-13.424212    0.000000  0.000000  0.000000 
-13.409205    0.000000  0.000000  0.000000 
-13.394197    0.000000  0.000000  0.000000 
-13.379190    0.000000  0.000000  0.000000 
-13.364182    0.000000  0.000000  0.000000 
-13.349175    0.000000  0.000000  0.000000 
-13.334167    0.000000  0.000000  0.000000 
-13.319160    0.000000  0.000000  0.000000 
-13.304152    0.000000  0.000000  0.000000 
-13.289145    0.000000  0.000000  0.000000 
-13.274137    0.000000  0.000000  0.000000 
-13.259130    0.000000  0.000000  0.000000 
-13.244122    0.000000  0.000000  0.000000 
-13.229115    0.000000  0.000000  0.000000 
-13.214107    0.000000  0.000000  0.000000 
-13.199100    0.000000  0.000000  0.000000 
-13.184092    0.000000  0.000000  0.000000 
-13.169085    0.000000  0.000000  0.000000 
-13.154077    0.000000  0.000000  0.000000 
-13.139070    0.000000  0.000000  0.000000 
-13.124062    0.000000  0.000000  0.000000 
-13.109055    0.000000  0.000000  0.000000 
-13.094047    0.000000  0.000000  0.000000 
-13.079040    0.000000  0.000000  0.000000 
-13.064032    0.000000  0.000000  0.000000 
-13.049025    0.000000  0.000000  0.000000 
-13.034017    0.000000  0.000000  0.000000 
-13.019010    0.000000  0.000000  0.000000 
-13.004002    0.000000  0.000000  0.000000 
-12.988994    0.000000  0.000000  0.000000 
-12.973987    0.000000  0.000000  0.000000 
-12.958979    0.000000  0.000000  0.000000 
-12.943972    0.000000  0.000000  0.000000 
-12.928964    0.000000  0.000000  0.000000 
-12.913957    0.000000  0.000000  0.000000 
-12.898949    0.000000  0.000000  0.000000 
-12.883942    0.000000  0.000000  0.000000 
-12.868934    0.000000  0.000000  0.000000 
-12.853927    0.000000  0.000000  0.000000 
-12.838919    0.000000  0.000000  0.000000 
-12.823912    0.000000  0.000000  0.000000 
-12.808904    0.000000  0.000000  0.000000 
-12.793897    0.000000  0.000000  0.000000 
-12.778889    0.000000  0.000000  0.000000 
-12.763882    0.000000  0.000000  0.000000 
-12.748874    0.000000  0.000000  0.000000 
-12.733867    0.000000  0.000000  0.000000 
-12.718859    0.000000  0.000000  0.000000 
-12.703852    0.000000  0.000000  0.000000 
-12.688844    0.000000  0.000000  0.000000 
-12.673837    0.000000  0.000000  0.000000 
-12.658829    0.000000  0.000000  0.000000 
-12.643822    0.000000  0.000000  0.000000 
-12.628814    0.000000  0.000000  0.000000 
-12.613807    0.000000  0.000000  0.000000 
-12.598799    0.000000  0.000000  0.000000 
-12.583792    0.000000  0.000000  0.000000 
-12.568784    0.000000  0.000000  0.000000 
-12.553777    0.000000  0.000000  0.000000 
-12.538769    0.000000  0.000000  0.000000 
-12.523762    0.000000  0.000000  0.000000 
-12.508754    0.000000  0.000000  0.000000 
-12.493747    0.000000  0.000000  0.000000 
-12.478739    0.000000  0.000000  0.000000 
-12.463732    0.000000  0.000000  0.000000 
-12.448724    0.000000  0.000000  0.000000 
-12.433717    0.000000  0.000000  0.000000 
-12.418709    0.000000  0.000000  0.000000 
-12.403702    0.000000  0.000000  0.000000 
-12.388694    0.000000  0.000000  0.000000 
-12.373687    0.000000  0.000000  0.000000 
-12.358679    0.000000  0.000000  0.000000 
-12.343672    0.000000  0.000000  0.000000 
-12.328664    0.000000  0.000000  0.000000 
-12.313657    0.000000  0.000000  0.000000 
-12.298649    0.000000  0.000000  0.000000 
-12.283642    0.000000  0.000000  0.000000 
-12.268634    0.000000  0.000000  0.000000 
-12.253627    0.000000  0.000000  0.000000 
-12.238619    0.000000  0.000000  0.000000 
-12.223612    0.000000  0.000000  0.000000 
-12.208604    0.000000  0.000000  0.000000 
-12.193597    0.000000  0.000000  0.000000 
-12.178589    0.000000  0.000000  0.000000 
-12.163582    0.000000  0.000000  0.000000 
-12.148574    0.000000  0.000000  0.000000 
-12.133567    0.000000  0.000000  0.000000 
-12.118559    0.000000  0.000000  0.000000 
-12.103552    0.000000  0.000000  0.000000 
-12.088544    0.000000  0.000000  0.000000 
-12.073537    0.000000  0.000000  0.000000 
-12.058529    0.000000  0.000000  0.000000 
-12.043522    0.000000  0.000000  0.000000 
-12.028514    0.000000  0.000000  0.000000 
-12.013507    0.000000  0.000000  0.000000 
-11.998499    0.000000  0.000000  0.000000 
-11.983492    0.000000  0.000000  0.000000 
-11.968484    0.000000  0.000000  0.000000 
-11.953477    0.000000  0.000000  0.000000 
-11.938469    0.000000  0.000000  0.000000 
-11.923462    0.000000  0.000000  0.000000 
-11.908454    0.000000  0.000000  0.000000 
-11.893447    0.000000  0.000000  0.000000 
-11.878439    0.000000  0.000000  0.000000 
-11.863432    0.000000  0.000000  0.000000 
-11.848424    0.000000  0.000000  0.000000 
-11.833417    0.000000  0.000000  0.000000 
-11.818409    0.000000  0.000000  0.000000 
-11.803402    0.000000  0.000000  0.000000 
-11.788394    0.000000  0.000000  0.000000 
-11.773387    0.000000  0.000000  0.000000 
-11.758379    0.000000  0.000000  0.000000 
-11.743372    0.000000  0.000000  0.000000 
-11.728364    0.000000  0.000000  0.000000 
-11.713357    0.000000  0.000000  0.000000 
-11.698349    0.000000  0.000000  0.000000 
-11.683342    0.000000  0.000000  0.000000 
-11.668334    0.000000  0.000000  0.000000 
-11.653327    0.000000  0.000000  0.000000 
-11.638319    0.000000  0.000000  0.000000 
-11.623312    0.000000  0.000000  0.000000 
-11.608304    0.000000  0.000000  0.000000 
-11.593297    0.000000  0.000000  0.000000 
-11.578289    0.000000  0.000000  0.000000 
-11.563282    0.000000  0.000000  0.000000 
-11.548274    0.000000  0.000000  0.000000 
-11.533267    0.000000  0.000000  0.000000 
-11.518259    0.000000  0.000000  0.000000 
-11.503252    0.000000  0.000000  0.000000 
-11.488244    0.000000  0.000000  0.000000 
-11.473237    0.000000  0.000000  0.000000 
-11.458229    0.000000  0.000000  0.000000 
-11.443222    0.000000  0.000000  0.000000 
-11.428214    0.000000  0.000000  0.000000 
-11.413207    0.000000  0.000000  0.000000 
-11.398199    0.000000  0.000000  0.000000 
-11.383192    0.000000  0.000000  0.000000 
-11.368184    0.000000  0.000000  0.000000 
-11.353177    0.000000  0.000000  0.000000 
-11.338169    0.000000  0.000000  0.000000 
-11.323162    0.000000  0.000000  0.000000 
-11.308154    0.000000  0.000000  0.000000 
-11.293147    0.000000  0.000000  0.000000 
-11.278139    0.000000  0.000000  0.000000 
-11.263132    0.000000  0.000000  0.000000 
-11.248124    0.000000  0.000000  0.000000 
-11.233117    0.000000  0.000000  0.000000 
-11.218109    0.000000  0.000000  0.000000 
-11.203102    0.000000  0.000000  0.000000 
-11.188094    0.000000  0.000000  0.000000 
-11.173087    0.000000  0.000000  0.000000 
-11.158079    0.000000  0.000000  0.000000 
-11.143072    0.000000  0.000000  0.000000 
-11.128064    0.000000  0.000000  0.000000 
-11.113057    0.000000  0.000000  0.000000 
-11.098049    0.000000  0.000000  0.000000 
-11.083042    0.000000  0.000000  0.000000 
-11.068034    0.000000  0.000000  0.000000 
-11.053027    0.000000  0.000000  0.000000 
-11.038019    0.000000  0.000000  0.000000 
-11.023012    0.000000  0.000000  0.000000 
-11.008004    0.000000  0.000000  0.000000 
-10.992996    0.000000  0.000000  0.000000 
-10.977989    0.000000  0.000000  0.000000 
-10.962981    0.000000  0.000000  0.000000 
-10.947974    0.000000  0.000000  0.000000 
-10.932966    0.000000  0.000000  0.000000 
-10.917959    0.000000  0.000000  0.000000 
-10.902951    0.000000  0.000000  0.000000 
-10.887944    0.000000  0.000000  0.000000 
-10.872936    0.000000  0.000000  0.000000 
-10.857929    0.000000  0.000000  0.000000 
-10.842921    0.000000  0.000000  0.000000 
-10.827914    0.000000  0.000000  0.000000 
-10.812906    0.000000  0.000000  0.000000 
-10.797899    0.000000  0.000000  0.000000 
-10.782891    0.000000  0.000000  0.000000 
-10.767884    0.000000  0.000000  0.000000 
-10.752876    0.000000  0.000000  0.000000 
-10.737869    0.000000  0.000000  0.000000 
-10.722861    0.000000  0.000000  0.000000 
-10.707854    0.000000  0.000000  0.000000 
-10.692846    0.000000  0.000000  0.000000 
-10.677839    0.000000  0.000000  0.000000 
-10.662831    0.000000  0.000000  0.000000 
-10.647824    0.000000  0.000000  0.000000 
-10.632816    0.000000  0.000000  0.000000 
-10.617809    0.000000  0.000000  0.000000 
-10.602801    0.000000  0.000000  0.000000 
-10.587794    0.000000  0.000000  0.000000 
-10.572786    0.000000  0.000000  0.000000 
-10.557779    0.000000  0.000000  0.000000 
-10.542771    0.000000  0.000000  0.000000 
-10.527764    0.000000  0.000000  0.000000 
-10.512756    0.000000  0.000000  0.000000 
-10.497749    0.000000  0.000000  0.000000 
-10.482741    0.000000  0.000000  0.000000 
-10.467734    0.000000  0.000000  0.000000 
-10.452726    0.000000  0.000000  0.000000 
-10.437719    0.000000  0.000000  0.000000 
-10.422711    0.000000  0.000000  0.000000 
-10.407704    0.000000  0.000000  0.000000 
-10.392696    0.000000  0.000000  0.000000 
-10.377689    0.000000  0.000000  0.000000 
-10.362681    0.000000  0.000000  0.000000 
-10.347674    0.000000  0.000000  0.000000 
-10.332666    0.000000  0.000000  0.000000 
-10.317659    0.000000  0.000000  0.000000 
-10.302651    0.000000  0.000000  0.000000 
-10.287644    0.000000  0.000000  0.000000 
-10.272636    0.000000  0.000000  0.000000 
-10.257629    0.000000  0.000000  0.000000 
-10.242621    0.000000  0.000000  0.000000 
-10.227614    0.000000  0.000000  0.000000 
-10.212606    0.000000  0.000000  0.000000 
-10.197599    0.000000  0.000000  0.000000 
-10.182591    0.000000  0.000000  0.000000 
-10.167584    0.000000  0.000000  0.000000 
-10.152576    0.000000  0.000000  0.000000 
-10.137569    0.000000  0.000000  0.000000 
-10.122561    0.000000  0.000000  0.000000 
-10.107554    0.000000  0.000000  0.000000 
-10.092546    0.000000  0.000000  0.000000 
-10.077539    0.000000  0.000000  0.000000 
-10.062531    0.000000  0.000000  0.000000 
-10.047524    0.000000  0.000000  0.000000 
-10.032516    0.000000  0.000000  0.000000 
-10.017509    0.000000  0.000000  0.000000 
-10.002501    0.000000  0.000000  0.000000 
-9.987494    0.000000  0.000000  0.000000 
-9.972486    0.000000  0.000000  0.000000 
-9.957479    0.000000  0.000000  0.000000 
-9.942471    0.000000  0.000000  0.000000 
-9.927464    0.000000  0.000000  0.000000 
-9.912456    0.000000  0.000000  0.000000 
-9.897449    0.000000  0.000000  0.000000 
-9.882441    0.000000  0.000000  0.000000 
-9.867434    0.000000  0.000000  0.000000 
-9.852426    0.000000  0.000000  0.000000 
-9.837419    0.000000  0.000000  0.000000 
-9.822411    0.000000  0.000000  0.000000 
-9.807404    0.000000  0.000000  0.000000 
-9.792396    0.000000  0.000000  0.000000 
-9.777389    0.000000  0.000000  0.000000 
-9.762381    0.000000  0.000000  0.000000 
-9.747374    0.000000  0.000000  0.000000 
-9.732366    0.000000  0.000000  0.000000 
-9.717359    0.000000  0.000000  0.000000 
-9.702351    0.000000  0.000000  0.000000 
-9.687344    0.000000  0.000000  0.000000 
-9.672336    0.000000  0.000000  0.000000 
-9.657329    0.000000  0.000000  0.000000 
-9.642321    0.000000  0.000000  0.000000 
-9.627314    0.000000  0.000000  0.000000 
-9.612306    0.000000  0.000000  0.000000 
-9.597299    0.000000  0.000000  0.000000 
-9.582291    0.000000  0.000000  0.000000 
-9.567284    0.000000  0.000000  0.000000 
-9.552276    0.000000  0.000000  0.000000 
-9.537269    0.000000  0.000000  0.000000 
-9.522261    0.000000  0.000000  0.000000 
-9.507254    0.000000  0.000000  0.000000 
-9.492246    0.000000  0.000000  0.000000 
-9.477239    0.000000  0.000000  0.000000 
-9.462231    0.000000  0.000000  0.000000 
-9.447224    0.000000  0.000000  0.000000 
-9.432216    0.000000  0.000000  0.000000 
-9.417209    0.000000  0.000000  0.000000 
-9.402201    0.000000  0.000000  0.000000 
-9.387194    0.000000  0.000000  0.000000 
-9.372186    0.000000  0.000000  0.000000 
-9.357179    0.000000  0.000000  0.000000 
-9.342171    0.000000  0.000000  0.000000 
-9.327164    0.000000  0.000000  0.000000 
-9.312156    0.000000  0.000000  0.000000 
-9.297149    0.000000  0.000000  0.000000 
-9.282141    0.000000  0.000000  0.000000 
-9.267134    0.000000  0.000000  0.000000 
-9.252126    0.000000  0.000000  0.000000 
-9.237119    0.000000  0.000000  0.000000 
-9.222111    0.000000  0.000000  0.000000 
-9.207104    0.000000  0.000000  0.000000 
-9.192096    0.000000  0.000000  0.000000 
-9.177089    0.000000  0.000000  0.000000 
-9.162081    0.000000  0.000000  0.000000 
-9.147074    0.000000  0.000000  0.000000 
-9.132066    0.000000  0.000000  0.000000 
-9.117059    0.000000  0.000000  0.000000 
-9.102051    0.000000  0.000000  0.000000 
-9.087044    0.000000  0.000000  0.000000 
-9.072036    0.000000  0.000000  0.000000 
-9.057029    0.000000  0.000000  0.000000 
-9.042021    0.000000  0.000000  0.000000 
-9.027014    0.000000  0.000000  0.000000 
-9.012006    0.000000  0.000000  0.000000 
-8.996998    0.000000  0.000000  0.000000 
-8.981991    0.000000  0.000000  0.000000 
-8.966983    0.000000  0.000000  0.000000 
-8.951976    0.000000  0.000000  0.000000 
-8.936968    0.000000  0.000000  0.000000 
-8.921961    0.000000  0.000000  0.000000 
-8.906953    0.000000  0.000000  0.000000 
-8.891946    0.000000  0.000000  0.000000 
-8.876938    0.000000  0.000000  0.000000 
-8.861931    0.000000  0.000000  0.000000 
-8.846923    0.000000  0.000000  0.000000 
-8.831916    0.000000  0.000000  0.000000 
-8.816908    0.000000  0.000000  0.000000 
-8.801901    0.000000  0.000000  0.000000 
-8.786893    0.000000  0.000000  0.000000 
-8.771886    0.000000  0.000000  0.000000 
-8.756878    0.000000  0.000000  0.000000 
-8.741871    0.000000  0.000000  0.000000 
-8.726863    0.000000  0.000000  0.000000 
-8.711856    0.000000  0.000000  0.000000 
-8.696848    0.000000  0.000000  0.000000 
-8.681841    0.000000  0.000000  0.000000 
-8.666833    0.000000  0.000000  0.000000 
-8.651826    0.000000  0.000000  0.000000 
-8.636818    0.000000  0.000000  0.000000 
-8.621811    0.000000  0.000000  0.000000 
-8.606803    0.000000  0.000000  0.000000 
-8.591796    0.000000  0.000000  0.000000 
-8.576788    0.000000  0.000000  0.000000 
-8.561781    0.000000  0.000000  0.000000 
-8.546773    0.000000  0.000000  0.000000 
-8.531766    0.000000  0.000000  0.000000 
-8.516758    0.000000  0.000000  0.000000 
-8.501751    0.000000  0.000000  0.000000 
-8.486743    0.000000  0.000000  0.000000 
-8.471736    0.000000  0.000000  0.000000 
-8.456728    0.000000  0.000000  0.000000 
-8.441721    0.000000  0.000000  0.000000 
-8.426713    0.000000  0.000000  0.000000 
-8.411706    0.000000  0.000000  0.000000 
-8.396698    0.000000  0.000000  0.000000 
-8.381691    0.000000  0.000000  0.000000 
-8.366683    0.000000  0.000000  0.000000 
-8.351676    0.000000  0.000000  0.000000 
-8.336668    0.000000  0.000000  0.000000 
-8.321661    0.000000  0.000000  0.000000 
-8.306653    0.000000  0.000000  0.000000 
-8.291646    0.000000  0.000000  0.000000 
-8.276638    0.000000  0.000000  0.000000 
-8.261631    0.000000  0.000000  0.000000 
-8.246623    0.000000  0.000000  0.000000 
-8.231616    0.000000  0.000000  0.000000 
-8.216608    0.000000  0.000000  0.000000 
-8.201601    0.000000  0.000000  0.000000 
-8.186593    0.000000  0.000000  0.000000 
-8.171586    0.000000  0.000000  0.000000 
-8.156578    0.000000  0.000000  0.000000 
-8.141571    0.000000  0.000000  0.000000 
-8.126563    0.000000  0.000000  0.000000 
-8.111556    0.000000  0.000000  0.000000 
-8.096548    0.000000  0.000000  0.000000 
-8.081541    0.000000  0.000000  0.000000 
-8.066533    0.000000  0.000000  0.000000 
-8.051526    0.000000  0.000000  0.000000 
-8.036518    0.000000  0.000000  0.000000 
-8.021511    0.000000  0.000000  0.000000 
-8.006503    0.000000  0.000000  0.000000 
-7.991496    0.000000  0.000000  0.000000 
-7.976488    0.000000  0.000000  0.000000 
-7.961481    0.000000  0.000000  0.000000 
-7.946473    0.000000  0.000000  0.000000 
-7.931466    0.000000  0.000000  0.000000 
-7.916458    0.000000  0.000000  0.000000 
-7.901451    0.000000  0.000000  0.000000 
-7.886443    0.000000  0.000000  0.000000 
-7.871436    0.000000  0.000000  0.000000 
-7.856428    0.000000  0.000000  0.000000 
-7.841421    0.000000  0.000000  0.000000 
-7.826413    0.000000  0.000000  0.000000 
-7.811406    0.000000  0.000000  0.000000 
-7.796398    0.000000  0.000000  0.000000 
-7.781391    0.000000  0.000000  0.000000 
-7.766383    0.000000  0.000000  0.000000 
-7.751376    0.000000  0.000000  0.000000 
-7.736368    0.000000  0.000000  0.000000 
-7.721361    0.000000  0.000000  0.000000 
-7.706353    0.000000  0.000000  0.000000 
-7.691346    0.000000  0.000000  0.000000 
-7.676338    0.000000  0.000000  0.000000 
-7.661331    0.000000  0.000000  0.000000 
-7.646323    0.000000  0.000000  0.000000 
-7.631316    0.000000  0.000000  0.000000 
-7.616308    0.000000  0.000000  0.000000 
-7.601301    0.000000  0.000000  0.000000 
-7.586293    0.000000  0.000000  0.000000 
-7.571286    0.000000  0.000000  0.000000 
-7.556278    0.000000  0.000000  0.000000 
-7.541271    0.000000  0.000000  0.000000 
-7.526263    0.000000  0.000000  0.000000 
-7.511256    0.000000  0.000000  0.000000 
-7.496248    0.000000  0.000000  0.000000 
-7.481241    0.000000  0.000000  0.000000 
-7.466233    0.000000  0.000000  0.000000 
-7.451226    0.000000  0.000000  0.000000 
-7.436218    0.000000  0.000000  0.000000 
-7.421211    0.000000  0.000000  0.000000 
-7.406203    0.000000  0.000000  0.000000 
-7.391196    0.000000  0.000000  0.000000 
-7.376188    0.000000  0.000000  0.000000 
-7.361181    0.000000  0.000000  0.000000 
-7.346173    0.000000  0.000000  0.000000 
-7.331166    0.000000  0.000000  0.000000 
-7.316158    0.000000  0.000000  0.000000 
-7.301151    0.000000  0.000000  0.000000 
-7.286143    0.000000  0.000000  0.000000 
-7.271136    0.000000  0.000000  0.000000 
-7.256128    0.000000  0.000000  0.000000 
-7.241121    0.000000  0.000000  0.000000 
-7.226113    0.000000  0.000000  0.000000 
-7.211106    0.000000  0.000000  0.000000 
-7.196098    0.000000  0.000000  0.000000 
-7.181091    0.000000  0.000000  0.000000 
-7.166083    0.000000  0.000000  0.000000 
-7.151076    0.000000  0.000000  0.000000 
-7.136068    0.000000  0.000000  0.000000 
-7.121061    0.000000  0.000000  0.000000 
-7.106053    0.000000  0.000000  0.000000 
-7.091046    0.000000  0.000000  0.000000 
-7.076038    0.000000  0.000000  0.000000 
-7.061031    0.000000  0.000000  0.000000 
-7.046023    0.000000  0.000000  0.000000 
-7.031016    0.000000  0.000000  0.000000 
-7.016008    0.000000  0.000000  0.000000 
-7.001001    0.000000  0.000000  0.000000 
-6.985993    0.000000  0.000000  0.000000 
-6.970985    0.000000  0.000000  0.000000 
-6.955978    0.000000  0.000000  0.000000 
-6.940970    0.000000  0.000000  0.000000 
-6.925963    0.000000  0.000000  0.000000 
-6.910955    0.000000  0.000000  0.000000 
-6.895948    0.000000  0.000000  0.000000 
-6.880940    0.000000  0.000000  0.000000 
-6.865933    0.000000  0.000000  0.000000 
-6.850925    0.000000  0.000000  0.000000 
-6.835918    0.000000  0.000000  0.000000 
-6.820910    0.000000  0.000000  0.000000 
-6.805903    0.000000  0.000000  0.000000 
-6.790895    0.000000  0.000000  0.000000 
-6.775888    0.000000  0.000000  0.000000 
-6.760880    0.000000  0.000000  0.000000 
-6.745873    0.000000  0.000000  0.000000 
-6.730865    0.000000  0.000000  0.000000 
-6.715858    0.000000  0.000000  0.000000 
-6.700850    0.000000  0.000000  0.000000 
-6.685843    0.000000  0.000000  0.000000 
-6.670835    0.000000  0.000000  0.000000 
-6.655828    0.000000  0.000000  0.000000 
-6.640820    0.000000  0.000000  0.000000 
-6.625813    0.000000  0.000000  0.000000 
-6.610805    0.000000  0.000000  0.000000 
-6.595798    0.000000  0.000000  0.000000 
-6.580790    0.000000  0.000000  0.000000 
-6.565783    0.000000  0.000000  0.000000 
-6.550775    0.000000  0.000000  0.000000 
-6.535768    0.000000  0.000000  0.000000 
-6.520760    0.000000  0.000000  0.000000 
-6.505753    0.000000  0.000000  0.000000 
-6.490745    0.000000  0.000000  0.000000 
-6.475738    0.000000  0.000000  0.000000 
-6.460730    0.000000  0.000000  0.000000 
-6.445723    0.000000  0.000000  0.000000 
-6.430715    0.000000  0.000000  0.000000 
-6.415708    0.000000  0.000000  0.000000 
-6.400700    0.000000  0.000000  0.000000 
-6.385693    0.000000  0.000000  0.000000 
-6.370685    0.000000  0.000000  0.000000 
-6.355678    0.000000  0.000000  0.000000 
-6.340670    0.000000  0.000000  0.000000 
-6.325663    0.000000  0.000000  0.000000 
-6.310655    0.000000  0.000000  0.000000 
-6.295648    0.000000  0.000000  0.000000 
-6.280640    0.000000  0.000000  0.000000 
-6.265633    0.000000  0.000000  0.000000 
-6.250625    0.000000  0.000000  0.000000 
-6.235618    0.000000  0.000000  0.000000 
-6.220610    0.000000  0.000000  0.000000 
-6.205603    0.000000  0.000000  0.000000 
-6.190595    0.000000  0.000000  0.000000 
-6.175588    0.000000  0.000000  0.000000 
-6.160580    0.000000  0.000000  0.000000 
-6.145573    0.000000  0.000000  0.000000 
-6.130565    0.000000  0.000000  0.000000 
-6.115558    0.000000  0.000000  0.000000 
-6.100550    0.000000  0.000000  0.000000 
-6.085543    0.000000  0.000000  0.000000 
-6.070535    0.000000  0.000000  0.000000 
-6.055528    0.000000  0.000000  0.000000 
-6.040520    0.000000  0.000000  0.000000 
-6.025513    0.000000  0.000000  0.000000 
-6.010505    0.000000  0.000000  0.000000 
-5.995498    0.000000  0.000000  0.000000 
-5.980490    0.000000  0.000000  0.000000 
-5.965483    0.000000  0.000000  0.000000 
-5.950475    0.000000  0.000000  0.000000 
-5.935468    0.000000  0.000000  0.000000 
-5.920460    0.000000  0.000000  0.000000 
-5.905453    0.000000  0.000000  0.000000 
-5.890445    0.000000  0.000000  0.000000 
-5.875438    0.000000  0.000000  0.000000 
-5.860430    0.000000  0.000000  0.000000 
-5.845423    0.000000  0.000000  0.000000 
-5.830415    0.000000  0.000000  0.000000 
-5.815408    0.000000  0.000000  0.000000 
-5.800400    0.000000  0.000000  0.000000 
-5.785393    0.000000  0.000000  0.000000 
-5.770385    0.000000  0.000000  0.000000 
-5.755378    0.000000  0.000000  0.000000 
-5.740370    0.000000  0.000000  0.000000 
-5.725363    0.000000  0.000000  0.000000 
-5.710355    0.000000  0.000000  0.000000 
-5.695348    0.000000  0.000000  0.000000 
-5.680340    0.000000  0.000000  0.000000 
-5.665333    0.000000  0.000000  0.000000 
-5.650325    0.000000  0.000000  0.000000 
-5.635318    0.000000  0.000000  0.000000 
-5.620310    0.000000  0.000000  0.000000 
-5.605303    0.000000  0.000000  0.000000 
-5.590295    0.000000  0.000000  0.000000 
-5.575288    0.000000  0.000000  0.000000 
-5.560280    0.000000  0.000000  0.000000 
-5.545273    0.000000  0.000000  0.000000 
-5.530265    0.000000  0.000000  0.000000 
-5.515258    0.000000  0.000000  0.000000 
-5.500250    0.000000  0.000000  0.000000 
-5.485243    0.000000  0.000000  0.000000 
-5.470235    0.000000  0.000000  0.000000 
-5.455228    0.000000  0.000000  0.000000 
-5.440220    0.000000  0.000000  0.000000 
-5.425213    0.000000  0.000000  0.000000 
-5.410205    0.000000  0.000000  0.000000 
-5.395198    0.000000  0.000000  0.000000 
-5.380190    0.000000  0.000000  0.000000 
-5.365183    0.000000  0.000000  0.000000 
-5.350175    0.000000  0.000000  0.000000 
-5.335168    0.000000  0.000000  0.000000 
-5.320160    0.000000  0.000000  0.000000 
-5.305153    0.000000  0.000000  0.000000 
-5.290145    0.000000  0.000000  0.000000 
-5.275138    0.000000  0.000000  0.000000 
-5.260130    0.000000  0.000000  0.000000 
-5.245123    0.000000  0.000000  0.000000 
-5.230115    0.000000  0.000000  0.000000 
-5.215108    0.000000  0.000000  0.000000 
-5.200100    0.000000  0.000000  0.000000 
-5.185093    0.000000  0.000000  0.000000 
-5.170085    0.000000  0.000000  0.000000 
-5.155078    0.000000  0.000000  0.000000 
-5.140070    0.000000  0.000000  0.000000 
-5.125063    0.000000  0.000000  0.000000 
-5.110055    0.000000  0.000000  0.000000 
-5.095048    0.000000  0.000000  0.000000 
-5.080040    0.000000  0.000000  0.000000 
-5.065033    0.000000  0.000000  0.000000 
-5.050025    0.000000  0.000000  0.000000 
-5.035018    0.000000  0.000000  0.000000 
-5.020010    0.000000  0.000000  0.000000 
-5.005003    0.000000  0.000000  0.000000 
-4.989995    0.000000  0.000000  0.000000 
-4.974987    0.000000  0.000000  0.000000 
-4.959980    0.000000  0.000000  0.000000 
-4.944972    0.000000  0.000000  0.000000 
-4.929965    0.000000  0.000000  0.000000 
-4.914957    0.000000  0.000000  0.000000 
-4.899950    0.000000  0.000000  0.000000 
-4.884942    0.000000  0.000000  0.000000 
-4.869935    0.000000  0.000000  0.000000 
-4.854927    0.000000  0.000000  0.000000 
-4.839920    0.000000  0.000000  0.000000 
-4.824912    0.000000  0.000000  0.000000 
-4.809905    0.000000  0.000000  0.000000 
-4.794897    0.000000  0.000000  0.000000 
-4.779890    0.000000  0.000000  0.000000 
-4.764882    0.000000  0.000000  0.000000 
-4.749875    0.000000  0.000000  0.000000 
-4.734867    0.000000  0.000000  0.000000 
-4.719860    0.000000  0.000000  0.000000 
-4.704852    0.000000  0.000000  0.000000 
-4.689845    0.000000  0.000000  0.000000 
-4.674837    0.000000  0.000000  0.000000 
-4.659830    0.000000  0.000000  0.000000 
-4.644822    0.000000  0.000000  0.000000 
-4.629815    0.000000  0.000000  0.000000 
-4.614807    0.000000  0.000000  0.000000 
-4.599800    0.000000  0.000000  0.000000 
-4.584792    0.000000  0.000000  0.000000 
-4.569785    0.000000  0.000000  0.000000 
-4.554777    0.000000  0.000000  0.000000 
-4.539770    0.000000  0.000000  0.000000 
-4.524762    0.000000  0.000000  0.000000 
-4.509755    0.000000  0.000000  0.000000 
-4.494747    0.000000  0.000000  0.000000 
-4.479740    0.000000  0.000000  0.000000 
-4.464732    0.000000  0.000000  0.000000 
-4.449725    0.000000  0.000000  0.000000 
-4.434717    0.000000  0.000000  0.000000 
-4.419710    0.000000  0.000000  0.000000 
-4.404702    0.000000  0.000000  0.000000 
-4.389695    0.000000  0.000000  0.000000 
-4.374687    0.000000  0.000000  0.000000 
-4.359680    0.000000  0.000000  0.000000 
-4.344672    0.000000  0.000000  0.000000 
-4.329665    0.000000  0.000000  0.000000 
-4.314657    0.000000  0.000000  0.000000 
-4.299650    0.000000  0.000000  0.000000 
-4.284642    0.000000  0.000000  0.000000 
-4.269635    0.000000  0.000000  0.000000 
-4.254627    0.000000  0.000000  0.000000 
-4.239620    0.000000  0.000000  0.000000 
-4.224612    0.000000  0.000000  0.000000 
-4.209605    0.000000  0.000000  0.000000 
-4.194597    0.000000  0.000000  0.000000 
-4.179590    0.000000  0.000000  0.000000 
-4.164582    0.000000  0.000000  0.000000 
-4.149575    0.000000  0.000000  0.000000 
-4.134567    0.000000  0.000000  0.000000 
-4.119560    0.000000  0.000000  0.000000 
-4.104552    0.000000  0.000000  0.000000 
-4.089545    0.000000  0.000000  0.000000 
-4.074537    0.000000  0.000000  0.000000 
-4.059530    0.000000  0.000000  0.000000 
-4.044522    0.000000  0.000000  0.000000 
-4.029515    0.000000  0.000000  0.000000 
-4.014507    0.000000  0.000000  0.000000 
-3.999500    0.000000  0.000000  0.000000 
-3.984492    0.000000  0.000000  0.000000 
-3.969485    0.000000  0.000000  0.000000 
-3.954477    0.000000  0.000000  0.000000 
-3.939470    0.000000  0.000000  0.000000 
-3.924462    0.000000  0.000000  0.000000 
-3.909455    0.000000  0.000000  0.000000 
-3.894447    0.000000  0.000000  0.000000 
-3.879440    0.000000  0.000000  0.000000 
-3.864432    0.000000  0.000000  0.000000 
-3.849425    0.000000  0.000000  0.000000 
-3.834417    0.000000  0.000000  0.000000 
-3.819410    0.000000  0.000000  0.000000 
-3.804402    0.000000  0.000000  0.000000 
-3.789395    0.000000  0.000000  0.000000 
-3.774387    0.000000  0.000000  0.000000 
-3.759380    0.000000  0.000000  0.000000 
-3.744372    0.000000  0.000000  0.000000 
-3.729365    0.000000  0.000000  0.000000 
-3.714357    0.000000  0.000000  0.000000 
-3.699350    0.000000  0.000000  0.000000 
-3.684342    0.000000  0.000000  0.000000 
-3.669335    0.000000  0.000000  0.000000 
-3.654327    0.000000  0.000000  0.000000 
-3.639320    0.000000  0.000000  0.000000 
-3.624312    0.000000  0.000000  0.000000 
-3.609305    0.000000  0.000000  0.000000 
-3.594297    0.000000  0.000000  0.000000 
-3.579290    0.000000  0.000000  0.000000 
-3.564282    0.000000  0.000000  0.000000 
-3.549275    0.000000  0.000000  0.000000 
-3.534267    0.000000  0.000000  0.000000 
-3.519260    0.000000  0.000000  0.000000 
-3.504252    0.000000  0.000000  0.000000 
-3.489245    0.000000  0.000000  0.000000 
-3.474237    0.000000  0.000000  0.000000 
-3.459230    0.000000  0.000000  0.000000 
-3.444222    0.000000  0.000000  0.000000 
-3.429215    0.000000  0.000000  0.000000 
-3.414207    0.000000  0.000000  0.000000 
-3.399200    0.000000  0.000000  0.000000 
-3.384192    0.000000  0.000000  0.000000 
-3.369185    0.000000  0.000000  0.000000 
-3.354177    0.000000  0.000000  0.000000 
-3.339170    0.000000  0.000000  0.000000 
-3.324162    0.000000  0.000000  0.000000 
-3.309155    0.000000  0.000000  0.000000 
-3.294147    0.000000  0.000000  0.000000 
-3.279140    0.000000  0.000000  0.000000 
-3.264132    0.000000  0.000000  0.000000 
-3.249125    0.000000  0.000000  0.000000 
-3.234117    0.000000  0.000000  0.000000 
-3.219110    0.000000  0.000000  0.000000 
-3.204102    0.000000  0.000000  0.000000 
-3.189095    0.000000  0.000000  0.000000 
-3.174087    0.000000  0.000000  0.000000 
-3.159080    0.000000  0.000000  0.000000 
-3.144072    0.000000  0.000000  0.000000 
-3.129065    0.000000  0.000000  0.000000 
-3.114057    0.000000  0.000000  0.000000 
-3.099050    0.000000  0.000000  0.000000 
-3.084042    0.000000  0.000000  0.000000 
-3.069035    0.000000  0.000000  0.000000 
-3.054027    0.000000  0.000000  0.000000 
-3.039020    0.000000  0.000000  0.000000 
-3.024012    0.000000  0.000000  0.000000 
-3.009005    0.000000  0.000000  0.000000 
-2.993997    0.000000  0.000000  0.000000 
-2.978989    0.000000  0.000000  0.000000 
-2.963982    0.000000  0.000000  0.000000 
-2.948974    0.000000  0.000000  0.000000 
-2.933967    0.000000  0.000000  0.000000 
-2.918959    0.000000  0.000000  0.000000 
-2.903952    0.000000  0.000000  0.000000 
-2.888944    0.000000  0.000000  0.000000 
-2.873937    0.000000  0.000000  0.000000 
-2.858929    0.000000  0.000000  0.000000 
-2.843922    0.000000  0.000000  0.000000 
-2.828914    0.000000  0.000000  0.000000 
-2.813907    0.000000  0.000000  0.000000 
-2.798899    0.000000  0.000000  0.000000 
-2.783892    0.000000  0.000000  0.000000 
-2.768884    0.000000  0.000000  0.000000 
-2.753877    0.000000  0.000000  0.000000 
-2.738869    0.000000  0.000000  0.000000 
-2.723862    0.000000  0.000000  0.000000 
-2.708854    0.000000  0.000000  0.000000 
-2.693847    0.000000  0.000000  0.000000 
-2.678839    0.000000  0.000000  0.000000 
-2.663832    0.000000  0.000000  0.000000 
-2.648824    0.000000  0.000000  0.000000 
-2.633817    0.000000  0.000000  0.000000 
-2.618809    0.000000  0.000000  0.000000 
-2.603802    0.000000  0.000000  0.000000 
-2.588794    0.000000  0.000000  0.000000 
-2.573787    0.000000  0.000000  0.000000 
-2.558779    0.000000  0.000000  0.000000 
-2.543772    0.000000  0.000000  0.000000 
-2.528764    0.000000  0.000000  0.000000 
-2.513757    0.000000  0.000000  0.000000 
-2.498749    0.000000  0.000000  0.000000 
-2.483742    0.000000  0.000000  0.000000 
-2.468734    0.000000  0.000000  0.000000 
-2.453727    0.000000  0.000000  0.000000 
-2.438719    0.000000  0.000000  0.000000 
-2.423712    0.000000  0.000000  0.000000 
-2.408704    0.000000  0.000000  0.000000 
-2.393697    0.000000  0.000000  0.000000 
-2.378689    0.000000  0.000000  0.000000 
-2.363682    0.000000  0.000000  0.000000 
-2.348674    0.000000  0.000000  0.000000 
-2.333667    0.000000  0.000000  0.000000 
-2.318659    0.000000  0.000000  0.000000 
-2.303652    0.000000  0.000000  0.000000 
-2.288644    0.000000  0.000000  0.000000 
-2.273637    0.000000  0.000000  0.000000 
-2.258629    0.000000  0.000000  0.000000 
-2.243622    0.000000  0.000000  0.000000 
-2.228614    0.000000  0.000000  0.000000 
-2.213607    0.000000  0.000000  0.000000 
-2.198599    0.000000  0.000000  0.000000 
-2.183592    0.000000  0.000000  0.000000 
-2.168584    0.000000  0.000000  0.000000 
-2.153577    0.000000  0.000000  0.000000 
-2.138569    0.000000  0.000000  0.000000 
-2.123562    0.000000  0.000000  0.000000 
-2.108554    0.000000  0.000000  0.000000 
-2.093547    0.000000  0.000000  0.000000 
-2.078539    0.000000  0.000000  0.000000 
-2.063532    0.000000  0.000000  0.000000 
-2.048524    0.000000  0.000000  0.000000 
-2.033517    0.000000  0.000000  0.000000 
-2.018509    0.000000  0.000000  0.000000 
-2.003502    0.000000  0.000000  0.000000 
-1.988494    0.000000  0.000000  0.000000 
-1.973487    0.000000  0.000000  0.000000 
-1.958479    0.000000  0.000000  0.000000 
-1.943472    0.000000  0.000000  0.000000 
-1.928464    0.000000  0.000000  0.000000 
-1.913457    0.000000  0.000000  0.000000 
-1.898449    0.000000  0.000000  0.000000 
-1.883442    0.000000  0.000000  0.000000 
-1.868434    0.000000  0.000000  0.000000 
-1.853427    0.000000  0.000000  0.000000 
-1.838419    0.000000  0.000000  0.000000 
-1.823412    0.000000  0.000000  0.000000 
-1.808404    0.000000  0.000000  0.000000 
-1.793397    0.000000  0.000000  0.000000 
-1.778389    0.000000  0.000000  0.000000 
-1.763382    0.000000  0.000000  0.000000 
-1.748374    0.000000  0.000000  0.000000 
-1.733367    0.000000  0.000000  0.000000 
-1.718359    0.000000  0.000000  0.000000 
-1.703352    0.000000  0.000000  0.000000 
-1.688344    0.000000  0.000000  0.000000 
-1.673337    0.000000  0.000000  0.000000 
-1.658329    0.000000  0.000000  0.000000 
-1.643322    0.000000  0.000000  0.000000 
-1.628314    0.000000  0.000000  0.000000 
-1.613307    0.000000  0.000000  0.000000 
-1.598299    0.000000  0.000000  0.000000 
-1.583292    0.000000  0.000000  0.000000 
-1.568284    0.000000  0.000000  0.000000 
-1.553277    0.000000  0.000000  0.000000 
-1.538269    0.000000  0.000000  0.000000 
-1.523262    0.000000  0.000000  0.000000 
-1.508254    0.000000  0.000000  0.000000 
-1.493247    0.000000  0.000000  0.000000 
-1.478239    0.000000  0.000000  0.000000 
-1.463232    0.000000  0.000000  0.000000 
-1.448224    0.000000  0.000000  0.000000 
-1.433217    0.000000  0.000000  0.000000 
-1.418209    0.000000  0.000000  0.000000 
-1.403202    0.000000  0.000000  0.000000 
-1.388194    0.000000  0.000000  0.000000 
-1.373187    0.000000  0.000000  0.000000 
-1.358179    0.000000  0.000000  0.000000 
-1.343172    0.000000  0.000000  0.000000 
-1.328164    0.000000  0.000000  0.000000 
-1.313157    0.000000  0.000000  0.000000 
-1.298149    0.000000  0.000000  0.000000 
-1.283142    0.000000  0.000000  0.000000 
-1.268134    0.000000  0.000000  0.000000 
-1.253127    0.000000  0.000000  0.000000 
-1.238119    0.000000  0.000000  0.000000 
-1.223112    0.000000  0.000000  0.000000 
-1.208104    0.000000  0.000000  0.000000 
-1.193097    0.000000  0.000000  0.000000 
-1.178089    0.000000  0.000000  0.000000 
-1.163082    0.000000  0.000000  0.000000 
-1.148074    0.000000  0.000000  0.000000 
-1.133067    0.000000  0.000000  0.000000 
-1.118059    0.000000  0.000000  0.000000 
-1.103052    0.000000  0.000000  0.000000 
-1.088044    0.000000  0.000000  0.000000 
-1.073037    0.000000  0.000000  0.000000 
-1.058029    0.000000  0.000000  0.000000 
-1.043022    0.000000  0.000000  0.000000 
-1.028014    0.000000  0.000000  0.000000 
-1.013007    0.000000  0.000000  0.000000 
-0.997999    0.000000  0.000000  0.000000 
-0.982991    0.000000  0.000000  0.000000 
-0.967984    0.000000  0.000000  0.000000 
-0.952976    0.000000  0.000000  0.000000 
-0.937969    0.000000  0.000000  0.000000 
-0.922961    0.000000  0.000000  0.000000 
-0.907954    0.000000  0.000000  0.000000 
-0.892946    0.000000  0.000000  0.000000 
-0.877939    0.000000  0.000000  0.000000 
-0.862931    0.000000  0.000000  0.000000 
-0.847924    0.000000  0.000000  0.000000 
-0.832916    0.000000  0.000000  0.000000 
-0.817909    0.000000  0.000000  0.000000 
-0.802901    0.000000  0.000000  0.000000 
-0.787894    0.000000  0.000000  0.000000 
-0.772886    0.000000  0.000000  0.000000 
-0.757879    0.000000  0.000000  0.000000 
-0.742871    0.000000  0.000000  0.000000 
-0.727864    0.000000  0.000000  0.000000 
-0.712856    0.000000  0.000000  0.000000 
-0.697849    0.000000  0.000000  0.000000 
-0.682841    0.000000  0.000000  0.000000 
-0.667834    0.000000  0.000000  0.000000 
-0.652826    0.000000  0.000000  0.000000 
-0.637819    0.000000  0.000000  0.000000 
-0.622811    0.000000  0.000000  0.000000 
-0.607804    0.000000  0.000000  0.000000 
-0.592796    0.000000  0.000000  0.000000 
-0.577789    0.000000  0.000000  0.000000 
-0.562781    0.000000  0.000000  0.000000 
-0.547774    0.000000  0.000000  0.000000 
-0.532766    0.000000  0.000000  0.000000 
-0.517759    0.000000  0.000000  0.000000 
-0.502751    0.000000  0.000000  0.000000 
-0.487744    0.000000  0.000000  0.000000 
-0.472736    0.000000  0.000000  0.000000 
-0.457729    0.000000  0.000000  0.000000 
-0.442721    0.000000  0.000000  0.000000 
-0.427714    0.000000  0.000000  0.000000 
-0.412706    0.000000  0.000000  0.000000 
-0.397699    0.000000  0.000000  0.000000 
-0.382691    0.000000  0.000000  0.000000 
-0.367684    0.000000  0.000000  0.000000 
-0.352676    0.000000  0.000000  0.000000 
-0.337669    0.000000  0.000000  0.000000 
-0.322661    0.000000  0.000000  0.000000 
-0.307654    0.000000  0.000000  0.000000 
-0.292646    0.000000  0.000000  0.000000 
-0.277639    0.000000  0.000000  0.000000 
-0.262631    0.000000  0.000000  0.000000 
-0.247624    0.000000  0.000000  0.000000 
-0.232616    0.000000  0.000000  0.000000 
-0.217609    0.000000  0.000000  0.000000 
-0.202601    0.000000  0.000000  0.000000 
-0.187594    0.000000  0.000000  0.000000 
-0.172586    0.000000  0.000000  0.000000 
-0.157579    0.000000  0.000000  0.000000 
-0.142571    0.000000  0.000000  0.000000 
-0.127564    0.000000  0.000000  0.000000 
-0.112556    0.000000  0.000000  0.000000 
-0.097549    0.000000  0.000000  0.000000 
-0.082541    0.000000  0.000000  0.000000 
-0.067534    0.000000  0.000000  0.000000 
-0.052526    0.000000  0.000000  0.000000 
-0.037519    0.000000  0.000000  0.000000 
-0.022511    0.000000  0.000000  0.000000 
-0.007504    0.000000  0.000000  0.000000 
 0.007504    0.000000  0.000000  0.000000 
 0.022511    0.000000  0.000000  0.000000 
 0.037519    0.000000  0.000000  0.000000 
 0.052526    0.000000  0.000000  0.000000 
 0.067534    0.000000  0.000000  0.000000 
 0.082541    0.000000  0.000000  0.000000 
 0.097549    0.000000  0.000000  0.000000 
 0.112556    0.000000  0.000000  0.000000 
 0.127564    0.000000  0.000000  0.000000 
 0.142571    0.000000  0.000000  0.000000 
 0.157579    0.000000  0.000000  0.000000 
 0.172586    0.000000  0.000000  0.000000 
 0.187594    0.000000  0.000000  0.000000 
 0.202601    0.000000  0.000000  0.000000 
 0.217609    0.000000  0.000000  0.000000 
 0.232616    0.000000  0.000000  0.000000 
 0.247624    0.000000  0.000000  0.000000 
 0.262631    0.000000  0.000000  0.000000 
 0.277639    0.000000  0.000000  0.000000 
 0.292646    0.000000  0.000000  0.000000 
 0.307654    0.000000  0.000000  0.000000 
 0.322661    0.000000  0.000000  0.000000 
 0.337669    0.000000  0.000000  0.000000 
 0.352676    0.000000  0.000000  0.000000 
 0.367684    0.000000  0.000000  0.000000 
 0.382691    0.000000  0.000000  0.000000 
 0.397699    0.000000  0.000000  0.000000 
 0.412706    0.000000  0.000000  0.000000 
 0.427714    0.000000  0.000000  0.000000 
 0.442721    0.000000  0.000000  0.000000 
 0.457729    0.000000  0.000000  0.000000 
 0.472736    0.000000  0.000000  0.000000 
 0.487744    0.000000  0.000000  0.000000 
 0.502751    0.000000  0.000000  0.000000 
 0.517759    0.000000  0.000000  0.000000 
 0.532766    0.000000  0.000000  0.000000 
 0.547774    0.000000  0.000000  0.000000 
 0.562781    0.000000  0.000000  0.000000 
 0.577789    0.000000  0.000000  0.000000 
 0.592796    0.000000  0.000000  0.000000 
 0.607804    0.000000  0.000000  0.000000 
 0.622811    0.000000  0.000000  0.000000 
 0.637819    0.000000  0.000000  0.000000 
 0.652826    0.000000  0.000000  0.000000 
 0.667834    0.000000  0.000000  0.000000 
 0.682841    0.000000  0.000000  0.000000 
 0.697849    0.000000  0.000000  0.000000 
 0.712856    0.000000  0.000000  0.000000 
 0.727864    0.000000  0.000000  0.000000 
 0.742871    0.000000  0.000000  0.000000 
 0.757879    0.000000  0.000000  0.000000 
 0.772886    0.000000  0.000000  0.000000 
 0.787894    0.000000  0.000000  0.000000 
 0.802901    0.000000  0.000000  0.000000 
 0.817909    0.000000  0.000000  0.000000 
 0.832916    0.000000  0.000000  0.000000 
 0.847924    0.000000  0.000000  0.000000 
 0.862931    0.000000  0.000000  0.000000 
 0.877939    0.000000  0.000000  0.000000 
 0.892946    0.000000  0.000000  0.000000 
 0.907954    0.000000  0.000000  0.000000 
 0.922961    0.000000  0.000000  0.000000 
 0.937969    0.000000  0.000000  0.000000 
 0.952976    0.000000  0.000000  0.000000 
 0.967984    0.000000  0.000000  0.000000 
 0.982991    0.000000  0.000000  0.000000 
 0.997999    0.000000  0.000000  0.000000 
 1.013007    0.000000  0.000000  0.000000 
 1.028014    0.000000  0.000000  0.000000 
 1.043022    0.000000  0.000000  0.000000 
 1.058029    0.000000  0.000000  0.000000 
 1.073037    0.000000  0.000000  0.000000 
 1.088044    0.000000  0.000000  0.000000 
 1.103052    0.000000  0.000000  0.000000 
 1.118059    0.000000  0.000000  0.000000 
 1.133067    0.000000  0.000000  0.000000 
 1.148074    0.000000  0.000000  0.000000 
 1.163082    0.000000  0.000000  0.000000 
 1.178089    0.000000  0.000000  0.000000 
 1.193097    0.000000  0.000000  0.000000 
 1.208104    0.000000  0.000000  0.000000 
 1.223112    0.000000  0.000000  0.000000 
 1.238119    0.000000  0.000000  0.000000 
 1.253127    0.000000  0.000000  0.000000 
 1.268134    0.000000  0.000000  0.000000 
 1.283142    0.000000  0.000000  0.000000 
 1.298149    0.000000  0.000000  0.000000 
 1.313157    0.000000  0.000000  0.000000 
 1.328164    0.000000  0.000000  0.000000 
 1.343172    0.000000  0.000000  0.000000 
 1.358179    0.000000  0.000000  0.000000 
 1.373187    0.000000  0.000000  0.000000 
 1.388194    0.000000  0.000000  0.000000 
 1.403202    0.000000  0.000000  0.000000 
 1.418209    0.000000  0.000000  0.000000 
 1.433217    0.000000  0.000000  0.000000 
 1.448224    0.000000  0.000000  0.000000 
 1.463232    0.000000  0.000000  0.000000 
 1.478239    0.000000  0.000000  0.000000 
 1.493247    0.000000  0.000000  0.000000 
 1.508254    0.000000  0.000000  0.000000 
 1.523262    0.000000  0.000000  0.000000 
 1.538269    0.000000  0.000000  0.000000 
 1.553277    0.000000  0.000000  0.000000 
 1.568284    0.000000  0.000000  0.000000 
 1.583292    0.000000  0.000000  0.000000 
 1.598299    0.000000  0.000000  0.000000 
 1.613307    0.000000  0.000000  0.000000 
 1.628314    0.000000  0.000000  0.000000 
 1.643322    0.000000  0.000000  0.000000 
 1.658329    0.000000  0.000000  0.000000 
 1.673337    0.000000  0.000000  0.000000 
 1.688344    0.000000  0.000000  0.000000 
 1.703352    0.000000  0.000000  0.000000 
 1.718359    0.000000  0.000000  0.000000 
 1.733367    0.000000  0.000000  0.000000 
 1.748374    0.000000  0.000000  0.000000 
 1.763382    0.000000  0.000000  0.000000 
 1.778389    0.000000  0.000000  0.000000 
 1.793397    0.000000  0.000000  0.000000 
 1.808404    0.000000  0.000000  0.000000 
 1.823412    0.000000  0.000000  0.000000 
 1.838419    0.000000  0.000000  0.000000 
 1.853427    0.000000  0.000000  0.000000 
 1.868434    0.000000  0.000000  0.000000 
 1.883442    0.000000  0.000000  0.000000 
 1.898449    0.000000  0.000000  0.000000 
 1.913457    0.000000  0.000000  0.000000 
 1.928464    0.000000  0.000000  0.000000 
 1.943472    0.000000  0.000000  0.000000 
 1.958479    0.000000  0.000000  0.000000 
 1.973487    0.000000  0.000000  0.000000 
 1.988494    0.000000  0.000000  0.000000 
 2.003502    0.000000  0.000000  0.000000 
 2.018509    0.000000  0.000000  0.000000 
 2.033517    0.000000  0.000000  0.000000 
 2.048524    0.000000  0.000000  0.000000 
 2.063532    0.000000  0.000000  0.000000 
 2.078539    0.000000  0.000000  0.000000 
 2.093547    0.000000  0.000000  0.000000 
 2.108554    0.000000  0.000000  0.000000 
 2.123562    0.000000  0.000000  0.000000 
 2.138569    0.000000  0.000000  0.000000 
 2.153577    0.000000  0.000000  0.000000 
 2.168584    0.000000  0.000000  0.000000 
 2.183592    0.000000  0.000000  0.000000 
 2.198599    0.000000  0.000000  0.000000 
 2.213607    0.000000  0.000000  0.000000 
 2.228614    0.000000  0.000000  0.000000 
 2.243622    0.000000  0.000000  0.000000 
 2.258629    0.000000  0.000000  0.000000 
 2.273637    0.000000  0.000000  0.000000 
 2.288644    0.000000  0.000000  0.000000 
 2.303652    0.000000  0.000000  0.000000 
 2.318659    0.000000  0.000000  0.000000 
 2.333667    0.000000  0.000000  0.000000 
 2.348674    0.000000  0.000000  0.000000 
 2.363682    0.000000  0.000000  0.000000 
 2.378689    0.000000  0.000000  0.000000 
 2.393697    0.000000  0.000000  0.000000 
 2.408704    0.000000  0.000000  0.000000 
 2.423712    0.000000  0.000000  0.000000 
 2.438719    0.000000  0.000000  0.000000 
 2.453727    0.000000  0.000000  0.000000 
 2.468734    0.000000  0.000000  0.000000 
 2.483742    0.000000  0.000000  0.000000 
 2.498749    0.000000  0.000000  0.000000 
 2.513757    0.000000  0.000000  0.000000 
 2.528764    0.000000  0.000000  0.000000 
 2.543772    0.000000  0.000000  0.000000 
 2.558779    0.000000  0.000000  0.000000 
 2.573787    0.000000  0.000000  0.000000 
 2.588794    0.000000  0.000000  0.000000 
 2.603802    0.000000  0.000000  0.000000 
 2.618809    0.000000  0.000000  0.000000 
 2.633817    0.000000  0.000000  0.000000 
 2.648824    0.000000  0.000000  0.000000 
 2.663832    0.000000  0.000000  0.000000 
 2.678839    0.000000  0.000000  0.000000 
 2.693847    0.000000  0.000000  0.000000 
 2.708854    0.000000  0.000000  0.000000 
 2.723862    0.000000  0.000000  0.000000 
 2.738869    0.000000  0.000000  0.000000 
 2.753877    0.000000  0.000000  0.000000 
 2.768884    0.000000  0.000000  0.000000 
 2.783892    0.000000  0.000000  0.000000 
 2.798899    0.000000  0.000000  0.000000 
 2.813907    0.000000  0.000000  0.000000 
 2.828914    0.000000  0.000000  0.000000 
 2.843922    0.000000  0.000000  0.000000 
 2.858929    0.000000  0.000000  0.000000 
 2.873937    0.000000  0.000000  0.000000 
 2.888944    0.000000  0.000000  0.000000 
 2.903952    0.000000  0.000000  0.000000 
 2.918959    0.000000  0.000000  0.000000 
 2.933967    0.000000  0.000000  0.000000 
 2.948974    0.000000  0.000000  0.000000 
 2.963982    0.000000  0.000000  0.000000 
 2.978989    0.000000  0.000000  0.000000 
 2.993997    0.000000  0.000000  0.000000 
 3.009005    0.000000  0.000000  0.000000 
 3.024012    0.000000  0.000000  0.000000 
 3.039020    0.000000  0.000000  0.000000 
 3.054027    0.000000  0.000000  0.000000 
 3.069035    0.000000  0.000000  0.000000 
 3.084042    0.000000  0.000000  0.000000 
 3.099050    0.000000  0.000000  0.000000 
 3.114057    0.000000  0.000000  0.000000 
 3.129065    0.000000  0.000000  0.000000 
 3.144072    0.000000  0.000000  0.000000 
 3.159080    0.000000  0.000000  0.000000 
 3.174087    0.000000  0.000000  0.000000 
 3.189095    0.000000  0.000000  0.000000 
 3.204102    0.000000  0.000000  0.000000 
 3.219110    0.000000  0.000000  0.000000 
 3.234117    0.000000  0.000000  0.000000 
 3.249125    0.000000  0.000000  0.000000 
 3.264132    0.000000  0.000000  0.000000 
 3.279140    0.000000  0.000000  0.000000 
 3.294147    0.000000  0.000000  0.000000 
 3.309155    0.000000  0.000000  0.000000 
 3.324162    0.000000  0.000000  0.000000 
 3.339170    0.000000  0.000000  0.000000 
 3.354177    0.000000  0.000000  0.000000 
 3.369185    0.000000  0.000000  0.000000 
 3.384192    0.000000  0.000000  0.000000 
 3.399200    0.000000  0.000000  0.000000 
 3.414207    0.000000  0.000000  0.000000 
 3.429215    0.000000  0.000000  0.000000 
 3.444222    0.000000  0.000000  0.000000 
 3.459230    0.000000  0.000000  0.000000 
 3.474237    0.000000  0.000000  0.000000 
 3.489245    0.000000  0.000000  0.000000 
 3.504252    0.000000  0.000000  0.000000 
 3.519260    0.000000  0.000000  0.000000 
 3.534267    0.000000  0.000000  0.000000 
 3.549275    0.000000  0.000000  0.000000 
 3.564282    0.000000  0.000000  0.000000 
 3.579290    0.000000  0.000000  0.000000 
 3.594297    0.000000  0.000000  0.000000 
 3.609305    0.000000  0.000000  0.000000 
 3.624312    0.000000  0.000000  0.000000 
 3.639320    0.000000  0.000000  0.000000 
 3.654327    0.000000  0.000000  0.000000 
 3.669335    0.000000  0.000000  0.000000 
 3.684342    0.000000  0.000000  0.000000 
 3.699350    0.000000  0.000000  0.000000 
 3.714357    0.000000  0.000000  0.000000 
 3.729365    0.000000  0.000000  0.000000 
 3.744372    0.000000  0.000000  0.000000 
 3.759380    0.000000  0.000000  0.000000 
 3.774387    0.000000  0.000000  0.000000 
 3.789395    0.000000  0.000000  0.000000 
 3.804402    0.000000  0.000000  0.000000 
 3.819410    0.000000  0.000000  0.000000 
 3.834417    0.000000  0.000000  0.000000 
 3.849425    0.000000  0.000000  0.000000 
 3.864432    0.000000  0.000000  0.000000 
 3.879440    0.000000  0.000000  0.000000 
 3.894447    0.000000  0.000000  0.000000 
 3.909455    0.000000  0.000000  0.000000 
 3.924462    0.000000  0.000000  0.000000 
 3.939470    0.000000  0.000000  0.000000 
 3.954477    0.000000  0.000000  0.000000 
 3.969485    0.000000  0.000000  0.000000 
 3.984492    0.000000  0.000000  0.000000 
 3.999500    0.000000  0.000000  0.000000 
 4.014507    0.000000  0.000000  0.000000 
 4.029515    0.000000  0.000000  0.000000 
 4.044522    0.000000  0.000000  0.000000 
 4.059530    0.000000  0.000000  0.000000 
 4.074537    0.000000  0.000000  0.000000 
 4.089545    0.000000  0.000000  0.000000 
 4.104552    0.000000  0.000000  0.000000 
 4.119560    0.000000  0.000000  0.000000 
 4.134567    0.000000  0.000000  0.000000 
 4.149575    0.000000  0.000000  0.000000 
 4.164582    0.000000  0.000000  0.000000 
 4.179590    0.000000  0.000000  0.000000 
 4.194597    0.000000  0.000000  0.000000 
 4.209605    0.000000  0.000000  0.000000 
 4.224612    0.000000  0.000000  0.000000 
 4.239620    0.000000  0.000000  0.000000 
 4.254627    0.000000  0.000000  0.000000 
 4.269635    0.000000  0.000000  0.000000 
 4.284642    0.000000  0.000000  0.000000 
 4.299650    0.000000  0.000000  0.000000 
 4.314657    0.000000  0.000000  0.000000 
 4.329665    0.000000  0.000000  0.000000 
 4.344672    0.000000  0.000000  0.000000 
 4.359680    0.000000  0.000000  0.000000 
 4.374687    0.000000  0.000000  0.000000 
 4.389695    0.000000  0.000000  0.000000 
 4.404702    0.000000  0.000000  0.000000 
 4.419710    0.000000  0.000000  0.000000 
 4.434717    0.000000  0.000000  0.000000 
 4.449725    0.000000  0.000000  0.000000 
 4.464732    0.000000  0.000000  0.000000 
 4.479740    0.000000  0.000000  0.000000 
 4.494747    0.000000  0.000000  0.000000 
 4.509755    0.000000  0.000000  0.000000 
 4.524762    0.000000  0.000000  0.000000 
 4.539770    0.000000  0.000000  0.000000 
 4.554777    0.000000  0.000000  0.000000 
 4.569785    0.000000  0.000000  0.000000 
 4.584792    0.000000  0.000000  0.000000 
 4.599800    0.000000  0.000000  0.000000 
 4.614807    0.000000  0.000000  0.000000 
 4.629815    0.000000  0.000000  0.000000 
 4.644822    0.000000  0.000000  0.000000 
 4.659830    0.000000  0.000000  0.000000 
 4.674837    0.000000  0.000000  0.000000 
 4.689845    0.000000  0.000000  0.000000 
 4.704852    0.000000  0.000000  0.000000 
 4.719860    0.000000  0.000000  0.000000 
 4.734867    0.000000  0.000000  0.000000 
 4.749875    0.000000  0.000000  0.000000 
 4.764882    0.000000  0.000000  0.000000 
 4.779890    0.000000  0.000000  0.000000 
 4.794897    0.000000  0.000000  0.000000 
 4.809905    0.000000  0.000000  0.000000 
 4.824912    0.000000  0.000000  0.000000 
 4.839920    0.000000  0.000000  0.000000 
 4.854927    0.000000  0.000000  0.000000 
 4.869935    0.000000  0.000000  0.000000 
 4.884942    0.000000  0.000000  0.000000 
 4.899950    0.000000  0.000000  0.000000 
 4.914957    0.000000  0.000000  0.000000 
 4.929965    0.000000  0.000000  0.000000 
 4.944972    0.000000  0.000000  0.000000 
 4.959980    0.000000  0.000000  0.000000 
 4.974987    0.000000  0.000000  0.000000 
 4.989995    0.000000  0.000000  0.000000 
 5.005003    0.000000  0.000000  0.000000 
 5.020010    0.000000  0.000000  0.000000 
 5.035018    0.000000  0.000000  0.000000 
 5.050025    0.000000  0.000000  0.000000 
 5.065033    0.000000  0.000000  0.000000 
 5.080040    0.000000  0.000000  0.000000 
 5.095048    0.000000  0.000000  0.000000 
 5.110055    0.000000  0.000000  0.000000 
 5.125063    0.000000  0.000000  0.000000 
 5.140070    0.000000  0.000000  0.000000 
 5.155078    0.000000  0.000000  0.000000 
 5.170085    0.000000  0.000000  0.000000 
 5.185093    0.000000  0.000000  0.000000 
 5.200100    0.000000  0.000000  0.000000 
 5.215108    0.000000  0.000000  0.000000 
 5.230115    0.000000  0.000000  0.000000 
 5.245123    0.000000  0.000000  0.000000 
 5.260130    0.000000  0.000000  0.000000 
 5.275138    0.000000  0.000000  0.000000 
 5.290145    0.000000  0.000000  0.000000 
 5.305153    0.000000  0.000000  0.000000 
 5.320160    0.000000  0.000000  0.000000 
 5.335168    0.000000  0.000000  0.000000 
 5.350175    0.000000  0.000000  0.000000 
 5.365183    0.000000  0.000000  0.000000 
 5.380190    0.000000  0.000000  0.000000 
 5.395198    0.000000  0.000000  0.000000 
 5.410205    0.000000  0.000000  0.000000 
 5.425213    0.000000  0.000000  0.000000 
 5.440220    0.000000  0.000000  0.000000 
 5.455228    0.000000  0.000000  0.000000 
 5.470235    0.000000  0.000000  0.000000 
 5.485243    0.000000  0.000000  0.000000 
 5.500250    0.000000  0.000000  0.000000 
 5.515258    0.000000  0.000000  0.000000 
 5.530265    0.000000  0.000000  0.000000 
 5.545273    0.000000  0.000000  0.000000 
 5.560280    0.000000  0.000000  0.000000 
 5.575288    0.000000  0.000000  0.000000 
 5.590295    0.000000  0.000000  0.000000 
 5.605303    0.000000  0.000000  0.000000 
 5.620310    0.000000  0.000000  0.000000 
 5.635318    0.000000  0.000000  0.000000 
 5.650325    0.000000  0.000000  0.000000 
 5.665333    0.000000  0.000000  0.000000 
 5.680340    0.000000  0.000000  0.000000 
 5.695348    0.000000  0.000000  0.000000 
 5.710355    0.000000  0.000000  0.000000 
 5.725363    0.000000  0.000000  0.000000 
 5.740370    0.000000  0.000000  0.000000 
 5.755378    0.000000  0.000000  0.000000 
 5.770385    0.000000  0.000000  0.000000 
 5.785393    0.000000  0.000000  0.000000 
 5.800400    0.000000  0.000000  0.000000 
 5.815408    0.000000  0.000000  0.000000 
 5.830415    0.000000  0.000000  0.000000 
 5.845423    0.000000  0.000000  0.000000 
 5.860430    0.000000  0.000000  0.000000 
 5.875438    0.000000  0.000000  0.000000 
 5.890445    0.000000  0.000000  0.000000 
 5.905453    0.000000  0.000000  0.000000 
 5.920460    0.000000  0.000000  0.000000 
 5.935468    0.000000  0.000000  0.000000 
 5.950475    0.000000  0.000000  0.000000 
 5.965483    0.000000  0.000000  0.000000 
 5.980490    0.000000  0.000000  0.000000 
 5.995498    0.000000  0.000000  0.000000 
 6.010505    0.000000  0.000000  0.000000 
 6.025513    0.000000  0.000000  0.000000 
 6.040520    0.000000  0.000000  0.000000 
 6.055528    0.000000  0.000000  0.000000 
 6.070535    0.000000  0.000000  0.000000 
 6.085543    0.000000  0.000000  0.000000 
 6.100550    0.000000  0.000000  0.000000 
 6.115558    0.000000  0.000000  0.000000 
 6.130565    0.000000  0.000000  0.000000 
 6.145573    0.000000  0.000000  0.000000 
 6.160580    0.000000  0.000000  0.000000 
 6.175588    0.000000  0.000000  0.000000 
 6.190595    0.000000  0.000000  0.000000 
 6.205603    0.000000  0.000000  0.000000 
 6.220610    0.000000  0.000000  0.000000 
 6.235618    0.000000  0.000000  0.000000 
 6.250625    0.000000  0.000000  0.000000 
 6.265633    0.000000  0.000000  0.000000 
 6.280640    0.000000  0.000000  0.000000 
 6.295648    0.000000  0.000000  0.000000 
 6.310655    0.000000  0.000000  0.000000 
 6.325663    0.000000  0.000000  0.000000 
 6.340670    0.000000  0.000000  0.000000 
 6.355678    0.000000  0.000000  0.000000 
 6.370685    0.000000  0.000000  0.000000 
 6.385693    0.000000  0.000000  0.000000 
 6.400700    0.000000  0.000000  0.000000 
 6.415708    0.000000  0.000000  0.000000 
 6.430715    0.000000  0.000000  0.000000 
 6.445723    0.000000  0.000000  0.000000 
 6.460730    0.000000  0.000000  0.000000 
 6.475738    0.000000  0.000000  0.000000 
 6.490745    0.000000  0.000000  0.000000 
 6.505753    0.000000  0.000000  0.000000 
 6.520760    0.000000  0.000000  0.000000 
 6.535768    0.000000  0.000000  0.000000 
 6.550775    0.000000  0.000000  0.000000 
 6.565783    0.000000  0.000000  0.000000 
 6.580790    0.000000  0.000000  0.000000 
 6.595798    0.000000  0.000000  0.000000 
 6.610805    0.000000  0.000000  0.000000 
 6.625813    0.000000  0.000000  0.000000 
 6.640820    0.000000  0.000000  0.000000 
 6.655828    0.000000  0.000000  0.000000 
 6.670835    0.000000  0.000000  0.000000 
 6.685843    0.000000  0.000000  0.000000 
 6.700850    0.000000  0.000000  0.000000 
 6.715858    0.000000  0.000000  0.000000 
 6.730865    0.000000  0.000000  0.000000 
 6.745873    0.000000  0.000000  0.000000 
 6.760880    0.000000  0.000000  0.000000 
 6.775888    0.000000  0.000000  0.000000 
 6.790895    0.000000  0.000000  0.000000 
 6.805903    0.000000  0.000000  0.000000 
 6.820910    0.000000  0.000000  0.000000 
 6.835918    0.000000  0.000000  0.000000 
 6.850925    0.000000  0.000000  0.000000 
 6.865933    0.000000  0.000000  0.000000 
 6.880940    0.000000  0.000000  0.000000 
 6.895948    0.000000  0.000000  0.000000 
 6.910955    0.000000  0.000000  0.000000 
 6.925963    0.000000  0.000000  0.000000 
 6.940970    0.000000  0.000000  0.000000 
 6.955978    0.000000  0.000000  0.000000 
 6.970985    0.000000  0.000000  0.000000 
 6.985993    0.000000  0.000000  0.000000 
 7.001001    0.000000  0.000000  0.000000 
 7.016008    0.000000  0.000000  0.000000 
 7.031016    0.000000  0.000000  0.000000 
 7.046023    0.000000  0.000000  0.000000 
 7.061031    0.000000  0.000000  0.000000 
 7.076038    0.000000  0.000000  0.000000 
 7.091046    0.000000  0.000000  0.000000 
 7.106053    0.000000  0.000000  0.000000 
 7.121061    0.000000  0.000000  0.000000 
 7.136068    0.000000  0.000000  0.000000 
 7.151076    0.000000  0.000000  0.000000 
 7.166083    0.000000  0.000000  0.000000 
 7.181091    0.000000  0.000000  0.000000 
 7.196098    0.000000  0.000000  0.000000 
 7.211106    0.000000  0.000000  0.000000 
 7.226113    0.000000  0.000000  0.000000 
 7.241121    0.000000  0.000000  0.000000 
 7.256128    0.000000  0.000000  0.000000 
 7.271136    0.000000  0.000000  0.000000 
 7.286143    0.000000  0.000000  0.000000 
 7.301151    0.000000  0.000000  0.000000 
 7.316158    0.000000  0.000000  0.000000 
 7.331166    0.000000  0.000000  0.000000 
 7.346173    0.000000  0.000000  0.000000 
 7.361181    0.000000  0.000000  0.000000 
 7.376188    0.000000  0.000000  0.000000 
 7.391196    0.000000  0.000000  0.000000 
 7.406203    0.000000  0.000000  0.000000 
 7.421211    0.000000  0.000000  0.000000 
 7.436218    0.000000  0.000000  0.000000 
 7.451226    0.000000  0.000000  0.000000 
 7.466233    0.000000  0.000000  0.000000 
 7.481241    0.000000  0.000000  0.000000 
 7.496248    0.000000  0.000000  0.000000 
 7.511256    0.000000  0.000000  0.000000 
 7.526263    0.000000  0.000000  0.000000 
 7.541271    0.000000  0.000000  0.000000 
 7.556278    0.000000  0.000000  0.000000 
 7.571286    0.000000  0.000000  0.000000 
 7.586293    0.000000  0.000000  0.000000 
 7.601301    0.000000  0.000000  0.000000 
 7.616308    0.000000  0.000000  0.000000 
 7.631316    0.000000  0.000000  0.000000 
 7.646323    0.000000  0.000000  0.000000 
 7.661331    0.000000  0.000000  0.000000 
 7.676338    0.000000  0.000000  0.000000 
 7.691346    0.000000  0.000000  0.000000 
 7.706353    0.000000  0.000000  0.000000 
 7.721361    0.000000  0.000000  0.000000 
 7.736368    0.000000  0.000000  0.000000 
 7.751376    0.000000  0.000000  0.000000 
 7.766383    0.000000  0.000000  0.000000 
 7.781391    0.000000  0.000000  0.000000 
 7.796398    0.000000  0.000000  0.000000 
 7.811406    0.000000  0.000000  0.000000 
 7.826413    0.000000  0.000000  0.000000 
 7.841421    0.000000  0.000000  0.000000 
 7.856428    0.000000  0.000000  0.000000 
 7.871436    0.000000  0.000000  0.000000 
 7.886443    0.000000  0.000000  0.000000 
 7.901451    0.000000  0.000000  0.000000 
 7.916458    0.000000  0.000000  0.000000 
 7.931466    0.000000  0.000000  0.000000 
 7.946473    0.000000  0.000000  0.000000 
 7.961481    0.000000  0.000000  0.000000 
 7.976488    0.000000  0.000000  0.000000 
 7.991496    0.000000  0.000000  0.000000 
 8.006503    0.000000  0.000000  0.000000 
 8.021511    0.000000  0.000000  0.000000 
 8.036518    0.000000  0.000000  0.000000 
 8.051526    0.000000  0.000000  0.000000 
 8.066533    0.000000  0.000000  0.000000 
 8.081541    0.000000  0.000000  0.000000 
 8.096548    0.000000  0.000000  0.000000 
 8.111556    0.000000  0.000000  0.000000 
 8.126563    0.000000  0.000000  0.000000 
 8.141571    0.000000  0.000000  0.000000 
 8.156578    0.000000  0.000000  0.000000 
 8.171586    0.000000  0.000000  0.000000 
 8.186593    0.000000  0.000000  0.000000 
 8.201601    0.000000  0.000000  0.000000 
 8.216608    0.000000  0.000000  0.000000 
 8.231616    0.000000  0.000000  0.000000 
 8.246623    0.000000  0.000000  0.000000 
 8.261631    0.000000  0.000000  0.000000 
 8.276638    0.000000  0.000000  0.000000 
 8.291646    0.000000  0.000000  0.000000 
 8.306653    0.000000  0.000000  0.000000 
 8.321661    0.000000  0.000000  0.000000 
 8.336668    0.000000  0.000000  0.000000 
 8.351676    0.000000  0.000000  0.000000 
 8.366683    0.000000  0.000000  0.000000 
 8.381691    0.000000  0.000000  0.000000 
 8.396698    0.000000  0.000000  0.000000 
 8.411706    0.000000  0.000000  0.000000 
 8.426713    0.000000  0.000000  0.000000 
 8.441721    0.000000  0.000000  0.000000 
 8.456728    0.000000  0.000000  0.000000 
 8.471736    0.000000  0.000000  0.000000 
 8.486743    0.000000  0.000000  0.000000 
 8.501751    0.000000  0.000000  0.000000 
 8.516758    0.000000  0.000000  0.000000 
 8.531766    0.000000  0.000000  0.000000 
 8.546773    0.000000  0.000000  0.000000 
 8.561781    0.000000  0.000000  0.000000 
 8.576788    0.000000  0.000000  0.000000 
 8.591796    0.000000  0.000000  0.000000 
 8.606803    0.000000  0.000000  0.000000 
 8.621811    0.000000  0.000000  0.000000 
 8.636818    0.000000  0.000000  0.000000 
 8.651826    0.000000  0.000000  0.000000 
 8.666833    0.000000  0.000000  0.000000 
 8.681841    0.000000  0.000000  0.000000 
 8.696848    0.000000  0.000000  0.000000 
 8.711856    0.000000  0.000000  0.000000 
 8.726863    0.000000  0.000000  0.000000 
 8.741871    0.000000  0.000000  0.000000 
 8.756878    0.000000  0.000000  0.000000 
 8.771886    0.000000  0.000000  0.000000 
 8.786893    0.000000  0.000000  0.000000 
 8.801901    0.000000  0.000000  0.000000 
 8.816908    0.000000  0.000000  0.000000 
 8.831916    0.000000  0.000000  0.000000 
 8.846923    0.000000  0.000000  0.000000 
 8.861931    0.000000  0.000000  0.000000 
 8.876938    0.000000  0.000000  0.000000 
 8.891946    0.000000  0.000000  0.000000 
 8.906953    0.000000  0.000000  0.000000 
 8.921961    0.000000  0.000000  0.000000 
 8.936968    0.000000  0.000000  0.000000 
 8.951976    0.000000  0.000000  0.000000 
 8.966983    0.000000  0.000000  0.000000 
 8.981991    0.000000  0.000000  0.000000 
 8.996998    0.000000  0.000000  0.000000 
 9.012006    0.000000  0.000000  0.000000 
 9.027014    0.000000  0.000000  0.000000 
 9.042021    0.000000  0.000000  0.000000 
 9.057029    0.000000  0.000000  0.000000 
 9.072036    0.000000  0.000000  0.000000 
 9.087044    0.000000  0.000000  0.000000 
 9.102051    0.000000  0.000000  0.000000 
 9.117059    0.000000  0.000000  0.000000 
 9.132066    0.000000  0.000000  0.000000 
 9.147074    0.000000  0.000000  0.000000 
 9.162081    0.000000  0.000000  0.000000 
 9.177089    0.000000  0.000000  0.000000 
 9.192096    0.000000  0.000000  0.000000 
 9.207104    0.000000  0.000000  0.000000 
 9.222111    0.000000  0.000000  0.000000 
 9.237119    0.000000  0.000000  0.000000 
 9.252126    0.000000  0.000000  0.000000 
 9.267134    0.000000  0.000000  0.000000 
 9.282141    0.000000  0.000000  0.000000 
 9.297149    0.000000  0.000000  0.000000 
 9.312156    0.000000  0.000000  0.000000 
 9.327164    0.000000  0.000000  0.000000 
 9.342171    0.000000  0.000000  0.000000 
 9.357179    0.000000  0.000000  0.000000 
 9.372186    0.000000  0.000000  0.000000 
 9.387194    0.000000  0.000000  0.000000 
 9.402201    0.000000  0.000000  0.000000 
 9.417209    0.000000  0.000000  0.000000 
 9.432216    0.000000  0.000000  0.000000 
 9.447224    0.000000  0.000000  0.000000 
 9.462231    0.000000  0.000000  0.000000 
 9.477239    0.000000  0.000000  0.000000 
 9.492246    0.000000  0.000000  0.000000 
 9.507254    0.000000  0.000000  0.000000 
 9.522261    0.000000  0.000000  0.000000 
 9.537269    0.000000  0.000000  0.000000 
 9.552276    0.000000  0.000000  0.000000 
 9.567284    0.000000  0.000000  0.000000 
 9.582291    0.000000  0.000000  0.000000 
 9.597299    0.000000  0.000000  0.000000 
 9.612306    0.000000  0.000000  0.000000 
 9.627314    0.000000  0.000000  0.000000 
 9.642321    0.000000  0.000000  0.000000 
 9.657329    0.000000  0.000000  0.000000 
 9.672336    0.000000  0.000000  0.000000 
 9.687344    0.000000  0.000000  0.000000 
 9.702351    0.000000  0.000000  0.000000 
 9.717359    0.000000  0.000000  0.000000 
 9.732366    0.000000  0.000000  0.000000 
 9.747374    0.000000  0.000000  0.000000 
 9.762381    0.000000  0.000000  0.000000 
 9.777389    0.000000  0.000000  0.000000 
 9.792396    0.000000  0.000000  0.000000 
 9.807404    0.000000  0.000000  0.000000 
 9.822411    0.000000  0.000000  0.000000 
 9.837419    0.000000  0.000000  0.000000 
 9.852426    0.000000  0.000000  0.000000 
 9.867434    0.000000  0.000000  0.000000 
 9.882441    0.000000  0.000000  0.000000 
 9.897449    0.000000  0.000000  0.000000 
 9.912456    0.000000  0.000000  0.000000 
 9.927464    0.000000  0.000000  0.000000 
 9.942471    0.000000  0.000000  0.000000 
 9.957479    0.000000  0.000000  0.000000 
 9.972486    0.000000  0.000000  0.000000 
 9.987494    0.000000  0.000000  0.000000 
 10.002501    0.000000  0.000000  0.000000 
 10.017509    0.000000  0.000000  0.000000 
 10.032516    0.000000  0.000000  0.000000 
 10.047524    0.000000  0.000000  0.000000 
 10.062531    0.000000  0.000000  0.000000 
 10.077539    0.000000  0.000000  0.000000 
 10.092546    0.000000  0.000000  0.000000 
 10.107554    0.000000  0.000000  0.000000 
 10.122561    0.000000  0.000000  0.000000 
 10.137569    0.000000  0.000000  0.000000 
 10.152576    0.000000  0.000000  0.000000 
 10.167584    0.000000  0.000000  0.000000 
 10.182591    0.000000  0.000000  0.000000 
 10.197599    0.000000  0.000000  0.000000 
 10.212606    0.000000  0.000000  0.000000 
 10.227614    0.000000  0.000000  0.000000 
 10.242621    0.000000  0.000000  0.000000 
 10.257629    0.000000  0.000000  0.000000 
 10.272636    0.000000  0.000000  0.000000 
 10.287644    0.000000  0.000000  0.000000 
 10.302651    0.000000  0.000000  0.000000 
 10.317659    0.000000  0.000000  0.000000 
 10.332666    0.000000  0.000000  0.000000 
 10.347674    0.000000  0.000000  0.000000 
 10.362681    0.000000  0.000000  0.000000 
 10.377689    0.000000  0.000000  0.000000 
 10.392696    0.000000  0.000000  0.000000 
 10.407704    0.000000  0.000000  0.000000 
 10.422711    0.000000  0.000000  0.000000 
 10.437719    0.000000  0.000000  0.000000 
 10.452726    0.000000  0.000000  0.000000 
 10.467734    0.000000  0.000000  0.000000 
 10.482741    0.000000  0.000000  0.000000 
 10.497749    0.000000  0.000000  0.000000 
 10.512756    0.000000  0.000000  0.000000 
 10.527764    0.000000  0.000000  0.000000 
 10.542771    0.000000  0.000000  0.000000 
 10.557779    0.000000  0.000000  0.000000 
 10.572786    0.000000  0.000000  0.000000 
 10.587794    0.000000  0.000000  0.000000 
 10.602801    0.000000  0.000000  0.000000 
 10.617809    0.000000  0.000000  0.000000 
 10.632816    0.000000  0.000000  0.000000 
 10.647824    0.000000  0.000000  0.000000 
 10.662831    0.000000  0.000000  0.000000 
 10.677839    0.000000  0.000000  0.000000 
 10.692846    0.000000  0.000000  0.000000 
 10.707854    0.000000  0.000000  0.000000 
 10.722861    0.000000  0.000000  0.000000 
 10.737869    0.000000  0.000000  0.000000 
 10.752876    0.000000  0.000000  0.000000 
 10.767884    0.000000  0.000000  0.000000 
 10.782891    0.000000  0.000000  0.000000 
 10.797899    0.000000  0.000000  0.000000 
 10.812906    0.000000  0.000000  0.000000 
 10.827914    0.000000  0.000000  0.000000 
 10.842921    0.000000  0.000000  0.000000 
 10.857929    0.000000  0.000000  0.000000 
 10.872936    0.000000  0.000000  0.000000 
 10.887944    0.000000  0.000000  0.000000 
 10.902951    0.000000  0.000000  0.000000 
 10.917959    0.000000  0.000000  0.000000 
 10.932966    0.000000  0.000000  0.000000 
 10.947974    0.000000  0.000000  0.000000 
 10.962981    0.000000  0.000000  0.000000 
 10.977989    0.000000  0.000000  0.000000 
 10.992996    0.000000  0.000000  0.000000 
 11.008004    0.000000  0.000000  0.000000 
 11.023012    0.000000  0.000000  0.000000 
 11.038019    0.000000  0.000000  0.000000 
 11.053027    0.000000  0.000000  0.000000 
 11.068034    0.000000  0.000000  0.000000 
 11.083042    0.000000  0.000000  0.000000 
 11.098049    0.000000  0.000000  0.000000 
 11.113057    0.000000  0.000000  0.000000 
 11.128064    0.000000  0.000000  0.000000 
 11.143072    0.000000  0.000000  0.000000 
 11.158079    0.000000  0.000000  0.000000 
 11.173087    0.000000  0.000000  0.000000 
 11.188094    0.000000  0.000000  0.000000 
 11.203102    0.000000  0.000000  0.000000 
 11.218109    0.000000  0.000000  0.000000 
 11.233117    0.000000  0.000000  0.000000 
 11.248124    0.000000  0.000000  0.000000 
 11.263132    0.000000  0.000000  0.000000 
 11.278139    0.000000  0.000000  0.000000 
 11.293147    0.000000  0.000000  0.000000 
 11.308154    0.000000  0.000000  0.000000 
 11.323162    0.000000  0.000000  0.000000 
 11.338169    0.000000  0.000000  0.000000 
 11.353177    0.000000  0.000000  0.000000 
 11.368184    0.000000  0.000000  0.000000 
 11.383192    0.000000  0.000000  0.000000 
 11.398199    0.000000  0.000000  0.000000 
 11.413207    0.000000  0.000000  0.000000 
 11.428214    0.000000  0.000000  0.000000 
 11.443222    0.000000  0.000000  0.000000 
 11.458229    0.000000  0.000000  0.000000 
 11.473237    0.000000  0.000000  0.000000 
 11.488244    0.000000  0.000000  0.000000 
 11.503252    0.000000  0.000000  0.000000 
 11.518259    0.000000  0.000000  0.000000 
 11.533267    0.000000  0.000000  0.000000 
 11.548274    0.000000  0.000000  0.000000 
 11.563282    0.000000  0.000000  0.000000 
 11.578289    0.000000  0.000000  0.000000 
 11.593297    0.000000  0.000000  0.000000 
 11.608304    0.000000  0.000000  0.000000 
 11.623312    0.000000  0.000000  0.000000 
 11.638319    0.000000  0.000000  0.000000 
 11.653327    0.000000  0.000000  0.000000 
 11.668334    0.000000  0.000000  0.000000 
 11.683342    0.000000  0.000000  0.000000 
 11.698349    0.000000  0.000000  0.000000 
 11.713357    0.000000  0.000000  0.000000 
 11.728364    0.000000  0.000000  0.000000 
 11.743372    0.000000  0.000000  0.000000 
 11.758379    0.000000  0.000000  0.000000 
 11.773387    0.000000  0.000000  0.000000 
 11.788394    0.000000  0.000000  0.000000 
 11.803402    0.000000  0.000000  0.000000 
 11.818409    0.000000  0.000000  0.000000 
 11.833417    0.000000  0.000000  0.000000 
 11.848424    0.000000  0.000000  0.000000 
 11.863432    0.000000  0.000000  0.000000 
 11.878439    0.000000  0.000000  0.000000 
 11.893447    0.000000  0.000000  0.000000 
 11.908454    0.000000  0.000000  0.000000 
 11.923462    0.000000  0.000000  0.000000 
 11.938469    0.000000  0.000000  0.000000 
 11.953477    0.000000  0.000000  0.000000 
 11.968484    0.000000  0.000000  0.000000 
 11.983492    0.000000  0.000000  0.000000 
 11.998499    0.000000  0.000000  0.000000 
 12.013507    0.000000  0.000000  0.000000 
 12.028514    0.000000  0.000000  0.000000 
 12.043522    0.000000  0.000000  0.000000 
 12.058529    0.000000  0.000000  0.000000 
 12.073537    0.000000  0.000000  0.000000 
 12.088544    0.000000  0.000000  0.000000 
 12.103552    0.000000  0.000000  0.000000 
 12.118559    0.000000  0.000000  0.000000 
 12.133567    0.000000  0.000000  0.000000 
 12.148574    0.000000  0.000000  0.000000 
 12.163582    0.000000  0.000000  0.000000 
 12.178589    0.000000  0.000000  0.000000 
 12.193597    0.000000  0.000000  0.000000 
 12.208604    0.000000  0.000000  0.000000 
 12.223612    0.000000  0.000000  0.000000 
 12.238619    0.000000  0.000000  0.000000 
 12.253627    0.000000  0.000000  0.000000 
 12.268634    0.000000  0.000000  0.000000 
 12.283642    0.000000  0.000000  0.000000 
 12.298649    0.000000  0.000000  0.000000 
 12.313657    0.000000  0.000000  0.000000 
 12.328664    0.000000  0.000000  0.000000 
 12.343672    0.000000  0.000000  0.000000 
 12.358679    0.000000  0.000000  0.000000 
 12.373687    0.000000  0.000000  0.000000 
 12.388694    0.000000  0.000000  0.000000 
 12.403702    0.000000  0.000000  0.000000 
 12.418709    0.000000  0.000000  0.000000 
 12.433717    0.000000  0.000000  0.000000 
 12.448724    0.000000  0.000000  0.000000 
 12.463732    0.000000  0.000000  0.000000 
 12.478739    0.000000  0.000000  0.000000 
 12.493747    0.000000  0.000000  0.000000 
 12.508754    0.000000  0.000000  0.000000 
 12.523762    0.000000  0.000000  0.000000 
 12.538769    0.000000  0.000000  0.000000 
 12.553777    0.000000  0.000000  0.000000 
 12.568784    0.000000  0.000000  0.000000 
 12.583792    0.000000  0.000000  0.000000 
 12.598799    0.000000  0.000000  0.000000 
 12.613807    0.000000  0.000000  0.000000 
 12.628814    0.000000  0.000000  0.000000 
 12.643822    0.000000  0.000000  0.000000 
 12.658829    0.000000  0.000000  0.000000 
 12.673837    0.000000  0.000000  0.000000 
 12.688844    0.000000  0.000000  0.000000 
 12.703852    0.000000  0.000000  0.000000 
 12.718859    0.000000  0.000000  0.000000 
 12.733867    0.000000  0.000000  0.000000 
 12.748874    0.000000  0.000000  0.000000 
 12.763882    0.000000  0.000000  0.000000 
 12.778889    0.000000  0.000000  0.000000 
 12.793897    0.000000  0.000000  0.000000 
 12.808904    0.000000  0.000000  0.000000 
 12.823912    0.000000  0.000000  0.000000 
 12.838919    0.000000  0.000000  0.000000 
 12.853927    0.000000  0.000000  0.000000 
 12.868934    0.000000  0.000000  0.000000 
 12.883942    0.000000  0.000000  0.000000 
 12.898949    0.000000  0.000000  0.000000 
 12.913957    0.000000  0.000000  0.000000 
 12.928964    0.000000  0.000000  0.000000 
 12.943972    0.000000  0.000000  0.000000 
 12.958979    0.000000  0.000000  0.000000 
 12.973987    0.000000  0.000000  0.000000 
 12.988994    0.000000  0.000000  0.000000 
 13.004002    0.000000  0.000000  0.000000 
 13.019010    0.000000  0.000000  0.000000 
 13.034017    0.000000  0.000000  0.000000 
 13.049025    0.000000  0.000000  0.000000 
 13.064032    0.000000  0.000000  0.000000 
 13.079040    0.000000  0.000000  0.000000 
 13.094047    0.000000  0.000000  0.000000 
 13.109055    0.000000  0.000000  0.000000 
 13.124062    0.000000  0.000000  0.000000 
 13.139070    0.000000  0.000000  0.000000 
 13.154077    0.000000  0.000000  0.000000 
 13.169085    0.000000  0.000000  0.000000 
 13.184092    0.000000  0.000000  0.000000 
 13.199100    0.000000  0.000000  0.000000 
 13.214107    0.000000  0.000000  0.000000 
 13.229115    0.000000  0.000000  0.000000 
 13.244122    0.000000  0.000000  0.000000 
 13.259130    0.000000  0.000000  0.000000 
 13.274137    0.000000  0.000000  0.000000 
 13.289145    0.000000  0.000000  0.000000 
 13.304152    0.000000  0.000000  0.000000 
 13.319160    0.000000  0.000000  0.000000 
 13.334167    0.000000  0.000000  0.000000 
 13.349175    0.000000  0.000000  0.000000 
 13.364182    0.000000  0.000000  0.000000 
 13.379190    0.000000  0.000000  0.000000 
 13.394197    0.000000  0.000000  0.000000 
 13.409205    0.000000  0.000000  0.000000 
 13.424212    0.000000  0.000000  0.000000 
 13.439220    0.000000  0.000000  0.000000 
 13.454227    0.000000  0.000000  0.000000 
 13.469235    0.000000  0.000000  0.000000 
 13.484242    0.000000  0.000000  0.000000 
 13.499250    0.000000  0.000000  0.000000 
 13.514257    0.000000  0.000000  0.000000 
 13.529265    0.000000  0.000000  0.000000 
 13.544272    0.000000  0.000000  0.000000 
 13.559280    0.000000  0.000000  0.000000 
 13.574287    0.000000  0.000000  0.000000 
 13.589295    0.000000  0.000000  0.000000 
 13.604302    0.000000  0.000000  0.000000 
 13.619310    0.000000  0.000000  0.000000 
 13.634317    0.000000  0.000000  0.000000 
 13.649325    0.000000  0.000000  0.000000 
 13.664332    0.000000  0.000000  0.000000 
 13.679340    0.000000  0.000000  0.000000 
 13.694347    0.000000  0.000000  0.000000 
 13.709355    0.000000  0.000000  0.000000 
 13.724362    0.000000  0.000000  0.000000 
 13.739370    0.000000  0.000000  0.000000 
 13.754377    0.000000  0.000000  0.000000 
 13.769385    0.000000  0.000000  0.000000 
 13.784392    0.000000  0.000000  0.000000 
 13.799400    0.000000  0.000000  0.000000 
 13.814407    0.000000  0.000000  0.000000 
 13.829415    0.000000  0.000000  0.000000 
 13.844422    0.000000  0.000000  0.000000 
 13.859430    0.000000  0.000000  0.000000 
 13.874437    0.000000  0.000000  0.000000 
 13.889445    0.000000  0.000000  0.000000 
 13.904452    0.000000  0.000000  0.000000 
 13.919460    0.000000  0.000000  0.000000 
 13.934467    0.000000  0.000000  0.000000 
 13.949475    0.000000  0.000000  0.000000 
 13.964482    0.000000  0.000000  0.000000 
 13.979490    0.000000  0.000000  0.000000 
 13.994497    0.000000  0.000000  0.000000 
 14.009505    0.000000  0.000000  0.000000 
 14.024512    0.000000  0.000000  0.000000 
 14.039520    0.000000  0.000000  0.000000 
 14.054527    0.000000  0.000000  0.000000 
 14.069535    0.000000  0.000000  0.000000 
 14.084542    0.000000  0.000000  0.000000 
 14.099550    0.000000  0.000000  0.000000 
 14.114557    0.000000  0.000000  0.000000 
 14.129565    0.000000  0.000000  0.000000 
 14.144572    0.000000  0.000000  0.000000 
 14.159580    0.000000  0.000000  0.000000 
 14.174587    0.000000  0.000000  0.000000 
 14.189595    0.000000  0.000000  0.000000 
 14.204602    0.000000  0.000000  0.000000 
 14.219610    0.000000  0.000000  0.000000 
 14.234617    0.000000  0.000000  0.000000 
 14.249625    0.000000  0.000000  0.000000 
 14.264632    0.000000  0.000000  0.000000 
 14.279640    0.000000  0.000000  0.000000 
 14.294647    0.000000  0.000000  0.000000 
 14.309655    0.000000  0.000000  0.000000 
 14.324662    0.000000  0.000000  0.000000 
 14.339670    0.000000  0.000000  0.000000 
 14.354677    0.000000  0.000000  0.000000 
 14.369685    0.000000  0.000000  0.000000 
 14.384692    0.000000  0.000000  0.000000 
 14.399700    0.000000  0.000000  0.000000 
 14.414707    0.000000  0.000000  0.000000 
 14.429715    0.000000  0.000000  0.000000 
 14.444722    0.000000  0.000000  0.000000 
 14.459730    0.000000  0.000000  0.000000 
 14.474737    0.000000  0.000000  0.000000 
 14.489745    0.000000  0.000000  0.000000 
 14.504752    0.000000  0.000000  0.000000 
 14.519760    0.000000  0.000000  0.000000 
 14.534767    0.000000  0.000000  0.000000 
 14.549775    0.000000  0.000000  0.000000 
 14.564782    0.000000  0.000000  0.000000 
 14.579790    0.000000  0.000000  0.000000 
 14.594797    0.000000  0.000000  0.000000 
 14.609805    0.000000  0.000000  0.000000 
 14.624812    0.000000  0.000000  0.000000 
 14.639820    0.000000  0.000000  0.000000 
 14.654827    0.000000  0.000000  0.000000 
 14.669835    0.000000  0.000000  0.000000 
 14.684842    0.000000  0.000000  0.000000 
 14.699850    0.000000  0.000000  0.000000 
 14.714857    0.000000  0.000000  0.000000 
 14.729865    0.000000  0.000000  0.000000 
 14.744872    0.000000  0.000000  0.000000 
 14.759880    0.000000  0.000000  0.000000 
 14.774887    0.000000  0.000000  0.000000 
 14.789895    0.000000  0.000000  0.000000 
 14.804902    0.000000  0.000000  0.000000 
 14.819910    0.000000  0.000000  0.000000 
 14.834917    0.000000  0.000000  0.000000 
 14.849925    0.000000  0.000000  0.000000 
 14.864932    0.000000  0.000000  0.000000 
 14.879940    0.000000  0.000000  0.000000 
 14.894947    0.000000  0.000000  0.000000 
 14.909955    0.000000  0.000000  0.000000 
 14.924962    0.000000  0.000000  0.000000 
 14.939970    0.000000  0.000000  0.000000 
 14.954977    0.000000  0.000000  0.000000 
 14.969985    0.000000  0.000000  0.000000 
 14.984992    0.000000  0.000000  0.000000 
 15.000000    0.000000  0.000000  0.000000 
