-15.000000    0.000748  0.000177  0.000571 
-14.984992    0.000751  0.000177  0.000573 
-14.969985    0.000753  0.000178  0.000576 
-14.954977    0.000756  0.000178  0.000578 
-14.939970    0.000759  0.000178  0.000581 
-14.924962    0.000762  0.000178  0.000584 
-14.909955    0.000765  0.000179  0.000587 
-14.894947    0.000769  0.000179  0.000590 
-14.879940    0.000772  0.000179  0.000593 
-14.864932    0.000776  0.000180  0.000597 
-14.849925    0.000781  0.000180  0.000601 
-14.834917    0.000785  0.000180  0.000605 
-14.819910    0.000791  0.000180  0.000610 
-14.804902    0.000796  0.000181  0.000616 
-14.789895    0.000803  0.000181  0.000622 
-14.774887    0.000810  0.000181  0.000629 
-14.759880    0.000818  0.000182  0.000637 
-14.744872    0.000828  0.000182  0.000646 
-14.729865    0.000838  0.000182  0.000656 
-14.714857    0.000851  0.000182  0.000668 
-14.699850    0.000865  0.000183  0.000682 
-14.684842    0.000881  0.000183  0.000698 
-14.669835    0.000898  0.000183  0.000715 
-14.654827    0.000915  0.000184  0.000731 
-14.639820    0.000930  0.000184  0.000746 
-14.624812    0.000941  0.000184  0.000757 
-14.609805    0.000946  0.000185  0.000761 
-14.594797    0.000943  0.000185  0.000759 
-14.579790    0.000936  0.000185  0.000751 
-14.564782    0.000924  0.000185  0.000739 
-14.549775    0.000911  0.000186  0.000726 
-14.534767    0.000899  0.000186  0.000713 
-14.519760    0.000888  0.000186  0.000701 
-14.504752    0.000878  0.000187  0.000692 
-14.489745    0.000871  0.000187  0.000684 
-14.474737    0.000864  0.000187  0.000677 
-14.459730    0.000860  0.000188  0.000672 
-14.444722    0.000856  0.000188  0.000668 
-14.429715    0.000853  0.000188  0.000665 
-14.414707    0.000852  0.000188  0.000663 
-14.399700    0.000850  0.000189  0.000662 
-14.384692    0.000850  0.000189  0.000661 
-14.369685    0.000849  0.000189  0.000660 
-14.354677    0.000850  0.000190  0.000660 
-14.339670    0.000850  0.000190  0.000660 
-14.324662    0.000851  0.000190  0.000660 
-14.309655    0.000852  0.000191  0.000661 
-14.294647    0.000853  0.000191  0.000662 
-14.279640    0.000854  0.000191  0.000663 
-14.264632    0.000856  0.000192  0.000664 
-14.249625    0.000857  0.000192  0.000665 
-14.234617    0.000859  0.000192  0.000667 
-14.219610    0.000861  0.000193  0.000668 
-14.204602    0.000863  0.000193  0.000670 
-14.189595    0.000865  0.000193  0.000671 
-14.174587    0.000867  0.000194  0.000673 
-14.159580    0.000869  0.000194  0.000675 
-14.144572    0.000871  0.000194  0.000677 
-14.129565    0.000873  0.000195  0.000679 
-14.114557    0.000875  0.000195  0.000681 
-14.099550    0.000878  0.000195  0.000683 
-14.084542    0.000880  0.000195  0.000685 
-14.069535    0.000883  0.000196  0.000687 
-14.054527    0.000885  0.000196  0.000689 
-14.039520    0.000887  0.000196  0.000691 
-14.024512    0.000890  0.000197  0.000693 
-14.009505    0.000893  0.000197  0.000695 
-13.994497    0.000895  0.000197  0.000698 
-13.979490    0.000898  0.000198  0.000700 
-13.964482    0.000900  0.000198  0.000702 
-13.949475    0.000903  0.000198  0.000705 
-13.934467    0.000906  0.000199  0.000707 
-13.919460    0.000909  0.000199  0.000710 
-13.904452    0.000911  0.000199  0.000712 
-13.889445    0.000914  0.000200  0.000715 
-13.874437    0.000917  0.000200  0.000717 
-13.859430    0.000920  0.000200  0.000720 
-13.844422    0.000923  0.000201  0.000722 
-13.829415    0.000926  0.000201  0.000725 
-13.814407    0.000929  0.000202  0.000728 
-13.799400    0.000932  0.000202  0.000730 
-13.784392    0.000935  0.000202  0.000733 
-13.769385    0.000938  0.000203  0.000736 
-13.754377    0.000941  0.000203  0.000739 
-13.739370    0.000945  0.000203  0.000741 
-13.724362    0.000948  0.000204  0.000744 
-13.709355    0.000951  0.000204  0.000747 
-13.694347    0.000955  0.000204  0.000750 
-13.679340    0.000958  0.000205  0.000753 
-13.664332    0.000961  0.000205  0.000756 
-13.649325    0.000965  0.000205  0.000759 
-13.634317    0.000968  0.000206  0.000763 
-13.619310    0.000972  0.000206  0.000766 
-13.604302    0.000976  0.000206  0.000769 
-13.589295    0.000979  0.000207  0.000773 
-13.574287    0.000983  0.000207  0.000776 
-13.559280    0.000987  0.000207  0.000779 
-13.544272    0.000991  0.000208  0.000783 
-13.529265    0.000995  0.000208  0.000787 
-13.514257    0.000999  0.000209  0.000790 
-13.499250    0.001003  0.000209  0.000794 
-13.484242    0.001007  0.000209  0.000798 
-13.469235    0.001012  0.000210  0.000802 
-13.454227    0.001016  0.000210  0.000806 
-13.439220    0.001021  0.000210  0.000810 
-13.424212    0.001025  0.000211  0.000814 
-13.409205    0.001030  0.000211  0.000819 
-13.394197    0.001035  0.000211  0.000823 
-13.379190    0.001040  0.000212  0.000828 
-13.364182    0.001045  0.000212  0.000833 
-13.349175    0.001051  0.000213  0.000838 
-13.334167    0.001056  0.000213  0.000843 
-13.319160    0.001062  0.000213  0.000849 
-13.304152    0.001068  0.000214  0.000854 
-13.289145    0.001074  0.000214  0.000860 
-13.274137    0.001081  0.000214  0.000867 
-13.259130    0.001088  0.000215  0.000873 
-13.244122    0.001095  0.000215  0.000880 
-13.229115    0.001103  0.000216  0.000887 
-13.214107    0.001111  0.000216  0.000895 
-13.199100    0.001120  0.000216  0.000903 
-13.184092    0.001129  0.000217  0.000912 
-13.169085    0.001139  0.000217  0.000922 
-13.154077    0.001149  0.000217  0.000932 
-13.139070    0.001161  0.000218  0.000943 
-13.124062    0.001173  0.000218  0.000955 
-13.109055    0.001187  0.000219  0.000968 
-13.094047    0.001201  0.000219  0.000982 
-13.079040    0.001218  0.000219  0.000998 
-13.064032    0.001236  0.000220  0.001016 
-13.049025    0.001256  0.000220  0.001036 
-13.034017    0.001279  0.000221  0.001058 
-13.019010    0.001305  0.000221  0.001084 
-13.004002    0.001334  0.000221  0.001113 
-12.988994    0.001368  0.000222  0.001146 
-12.973987    0.001407  0.000222  0.001185 
-12.958979    0.001453  0.000223  0.001230 
-12.943972    0.001506  0.000223  0.001283 
-12.928964    0.001569  0.000223  0.001346 
-12.913957    0.001643  0.000224  0.001420 
-12.898949    0.001731  0.000224  0.001507 
-12.883942    0.001834  0.000225  0.001609 
-12.868934    0.001952  0.000225  0.001727 
-12.853927    0.002085  0.000225  0.001860 
-12.838919    0.002226  0.000226  0.002000 
-12.823912    0.002363  0.000226  0.002137 
-12.808904    0.002479  0.000227  0.002252 
-12.793897    0.002552  0.000227  0.002325 
-12.778889    0.002566  0.000227  0.002338 
-12.763882    0.002519  0.000228  0.002291 
-12.748874    0.002424  0.000228  0.002196 
-12.733867    0.002301  0.000229  0.002073 
-12.718859    0.002171  0.000229  0.001942 
-12.703852    0.002046  0.000229  0.001817 
-12.688844    0.001935  0.000230  0.001705 
-12.673837    0.001839  0.000230  0.001609 
-12.658829    0.001759  0.000231  0.001529 
-12.643822    0.001693  0.000231  0.001462 
-12.628814    0.001640  0.000232  0.001408 
-12.613807    0.001596  0.000232  0.001364 
-12.598799    0.001561  0.000232  0.001329 
-12.583792    0.001533  0.000233  0.001301 
-12.568784    0.001512  0.000233  0.001279 
-12.553777    0.001495  0.000234  0.001262 
-12.538769    0.001483  0.000234  0.001249 
-12.523762    0.001475  0.000235  0.001241 
-12.508754    0.001470  0.000235  0.001236 
-12.493747    0.001469  0.000235  0.001234 
-12.478739    0.001470  0.000236  0.001235 
-12.463732    0.001475  0.000236  0.001239 
-12.448724    0.001482  0.000237  0.001245 
-12.433717    0.001492  0.000237  0.001255 
-12.418709    0.001506  0.000238  0.001268 
-12.403702    0.001522  0.000238  0.001284 
-12.388694    0.001543  0.000238  0.001304 
-12.373687    0.001568  0.000239  0.001329 
-12.358679    0.001598  0.000239  0.001358 
-12.343672    0.001633  0.000240  0.001394 
-12.328664    0.001676  0.000240  0.001436 
-12.313657    0.001727  0.000241  0.001487 
-12.298649    0.001789  0.000241  0.001548 
-12.283642    0.001862  0.000242  0.001620 
-12.268634    0.001949  0.000242  0.001707 
-12.253627    0.002053  0.000242  0.001810 
-12.238619    0.002174  0.000243  0.001931 
-12.223612    0.002311  0.000243  0.002068 
-12.208604    0.002461  0.000244  0.002217 
-12.193597    0.002612  0.000244  0.002368 
-12.178589    0.002747  0.000245  0.002503 
-12.163582    0.002843  0.000245  0.002598 
-12.148574    0.002880  0.000246  0.002635 
-12.133567    0.002849  0.000246  0.002603 
-12.118559    0.002759  0.000247  0.002512 
-12.103552    0.002629  0.000247  0.002382 
-12.088544    0.002484  0.000248  0.002237 
-12.073537    0.002341  0.000248  0.002093 
-12.058529    0.002210  0.000248  0.001961 
-12.043522    0.002095  0.000249  0.001846 
-12.028514    0.001997  0.000249  0.001748 
-12.013507    0.001916  0.000250  0.001666 
-11.998499    0.001848  0.000250  0.001598 
-11.983492    0.001792  0.000251  0.001541 
-11.968484    0.001746  0.000251  0.001495 
-11.953477    0.001708  0.000252  0.001456 
-11.938469    0.001676  0.000252  0.001424 
-11.923462    0.001650  0.000253  0.001397 
-11.908454    0.001629  0.000253  0.001375 
-11.893447    0.001611  0.000254  0.001357 
-11.878439    0.001596  0.000254  0.001342 
-11.863432    0.001584  0.000255  0.001329 
-11.848424    0.001574  0.000255  0.001319 
-11.833417    0.001566  0.000256  0.001310 
-11.818409    0.001559  0.000256  0.001303 
-11.803402    0.001554  0.000257  0.001297 
-11.788394    0.001550  0.000257  0.001293 
-11.773387    0.001547  0.000258  0.001289 
-11.758379    0.001545  0.000258  0.001287 
-11.743372    0.001544  0.000259  0.001285 
-11.728364    0.001543  0.000259  0.001284 
-11.713357    0.001543  0.000260  0.001283 
-11.698349    0.001543  0.000260  0.001283 
-11.683342    0.001544  0.000261  0.001284 
-11.668334    0.001546  0.000261  0.001285 
-11.653327    0.001548  0.000262  0.001286 
-11.638319    0.001550  0.000262  0.001288 
-11.623312    0.001553  0.000263  0.001290 
-11.608304    0.001555  0.000263  0.001292 
-11.593297    0.001558  0.000264  0.001295 
-11.578289    0.001562  0.000264  0.001298 
-11.563282    0.001565  0.000265  0.001301 
-11.548274    0.001569  0.000265  0.001304 
-11.533267    0.001573  0.000266  0.001307 
-11.518259    0.001577  0.000266  0.001311 
-11.503252    0.001581  0.000267  0.001315 
-11.488244    0.001586  0.000267  0.001319 
-11.473237    0.001591  0.000268  0.001323 
-11.458229    0.001595  0.000268  0.001327 
-11.443222    0.001600  0.000269  0.001331 
-11.428214    0.001605  0.000269  0.001336 
-11.413207    0.001610  0.000270  0.001341 
-11.398199    0.001616  0.000270  0.001345 
-11.383192    0.001621  0.000271  0.001350 
-11.368184    0.001627  0.000272  0.001355 
-11.353177    0.001632  0.000272  0.001360 
-11.338169    0.001638  0.000273  0.001365 
-11.323162    0.001644  0.000273  0.001371 
-11.308154    0.001650  0.000274  0.001376 
-11.293147    0.001656  0.000274  0.001381 
-11.278139    0.001662  0.000275  0.001387 
-11.263132    0.001668  0.000275  0.001392 
-11.248124    0.001674  0.000276  0.001398 
-11.233117    0.001680  0.000276  0.001404 
-11.218109    0.001687  0.000277  0.001410 
-11.203102    0.001693  0.000278  0.001416 
-11.188094    0.001700  0.000278  0.001422 
-11.173087    0.001706  0.000279  0.001428 
-11.158079    0.001713  0.000279  0.001434 
-11.143072    0.001720  0.000280  0.001440 
-11.128064    0.001727  0.000280  0.001446 
-11.113057    0.001734  0.000281  0.001453 
-11.098049    0.001741  0.000281  0.001459 
-11.083042    0.001748  0.000282  0.001466 
-11.068034    0.001755  0.000283  0.001472 
-11.053027    0.001762  0.000283  0.001479 
-11.038019    0.001770  0.000284  0.001486 
-11.023012    0.001777  0.000284  0.001493 
-11.008004    0.001784  0.000285  0.001500 
-10.992996    0.001792  0.000285  0.001506 
-10.977989    0.001799  0.000286  0.001513 
-10.962981    0.001807  0.000287  0.001521 
-10.947974    0.001815  0.000287  0.001528 
-10.932966    0.001823  0.000288  0.001535 
-10.917959    0.001831  0.000288  0.001542 
-10.902951    0.001839  0.000289  0.001550 
-10.887944    0.001847  0.000290  0.001557 
-10.872936    0.001855  0.000290  0.001565 
-10.857929    0.001863  0.000291  0.001572 
-10.842921    0.001871  0.000291  0.001580 
-10.827914    0.001880  0.000292  0.001588 
-10.812906    0.001888  0.000292  0.001595 
-10.797899    0.001896  0.000293  0.001603 
-10.782891    0.001905  0.000294  0.001611 
-10.767884    0.001914  0.000294  0.001619 
-10.752876    0.001922  0.000295  0.001627 
-10.737869    0.001931  0.000296  0.001636 
-10.722861    0.001940  0.000296  0.001644 
-10.707854    0.001949  0.000297  0.001652 
-10.692846    0.001958  0.000297  0.001661 
-10.677839    0.001967  0.000298  0.001669 
-10.662831    0.001976  0.000299  0.001678 
-10.647824    0.001985  0.000299  0.001686 
-10.632816    0.001995  0.000300  0.001695 
-10.617809    0.002004  0.000300  0.001704 
-10.602801    0.002014  0.000301  0.001713 
-10.587794    0.002023  0.000302  0.001722 
-10.572786    0.002033  0.000302  0.001731 
-10.557779    0.002043  0.000303  0.001740 
-10.542771    0.002053  0.000304  0.001749 
-10.527764    0.002063  0.000304  0.001758 
-10.512756    0.002073  0.000305  0.001768 
-10.497749    0.002083  0.000306  0.001777 
-10.482741    0.002093  0.000306  0.001787 
-10.467734    0.002103  0.000307  0.001796 
-10.452726    0.002114  0.000307  0.001806 
-10.437719    0.002124  0.000308  0.001816 
-10.422711    0.002135  0.000309  0.001826 
-10.407704    0.002145  0.000309  0.001836 
-10.392696    0.002156  0.000310  0.001846 
-10.377689    0.002167  0.000311  0.001856 
-10.362681    0.002178  0.000311  0.001867 
-10.347674    0.002189  0.000312  0.001877 
-10.332666    0.002200  0.000313  0.001887 
-10.317659    0.002211  0.000313  0.001898 
-10.302651    0.002223  0.000314  0.001909 
-10.287644    0.002234  0.000315  0.001919 
-10.272636    0.002246  0.000315  0.001930 
-10.257629    0.002257  0.000316  0.001941 
-10.242621    0.002269  0.000317  0.001952 
-10.227614    0.002281  0.000317  0.001964 
-10.212606    0.002293  0.000318  0.001975 
-10.197599    0.002305  0.000319  0.001986 
-10.182591    0.002317  0.000319  0.001998 
-10.167584    0.002330  0.000320  0.002010 
-10.152576    0.002342  0.000321  0.002021 
-10.137569    0.002355  0.000321  0.002033 
-10.122561    0.002367  0.000322  0.002045 
-10.107554    0.002380  0.000323  0.002057 
-10.092546    0.002393  0.000324  0.002070 
-10.077539    0.002406  0.000324  0.002082 
-10.062531    0.002419  0.000325  0.002094 
-10.047524    0.002433  0.000326  0.002107 
-10.032516    0.002446  0.000326  0.002120 
-10.017509    0.002460  0.000327  0.002133 
-10.002501    0.002473  0.000328  0.002146 
-9.987494    0.002487  0.000329  0.002159 
-9.972486    0.002501  0.000329  0.002172 
-9.957479    0.002515  0.000330  0.002185 
-9.942471    0.002529  0.000331  0.002199 
-9.927464    0.002544  0.000331  0.002212 
-9.912456    0.002558  0.000332  0.002226 
-9.897449    0.002573  0.000333  0.002240 
-9.882441    0.002588  0.000334  0.002254 
-9.867434    0.002603  0.000334  0.002268 
-9.852426    0.002618  0.000335  0.002283 
-9.837419    0.002633  0.000336  0.002297 
-9.822411    0.002649  0.000337  0.002312 
-9.807404    0.002664  0.000337  0.002327 
-9.792396    0.002680  0.000338  0.002342 
-9.777389    0.002696  0.000339  0.002357 
-9.762381    0.002712  0.000340  0.002372 
-9.747374    0.002728  0.000340  0.002388 
-9.732366    0.002745  0.000341  0.002404 
-9.717359    0.002761  0.000342  0.002419 
-9.702351    0.002778  0.000343  0.002435 
-9.687344    0.002795  0.000343  0.002452 
-9.672336    0.002812  0.000344  0.002468 
-9.657329    0.002829  0.000345  0.002484 
-9.642321    0.002847  0.000346  0.002501 
-9.627314    0.002864  0.000346  0.002518 
-9.612306    0.002882  0.000347  0.002535 
-9.597299    0.002900  0.000348  0.002552 
-9.582291    0.002919  0.000349  0.002570 
-9.567284    0.002937  0.000349  0.002587 
-9.552276    0.002956  0.000350  0.002605 
-9.537269    0.002975  0.000351  0.002623 
-9.522261    0.002994  0.000352  0.002642 
-9.507254    0.003013  0.000353  0.002660 
-9.492246    0.003032  0.000353  0.002679 
-9.477239    0.003052  0.000354  0.002698 
-9.462231    0.003072  0.000355  0.002717 
-9.447224    0.003092  0.000356  0.002736 
-9.432216    0.003113  0.000357  0.002756 
-9.417209    0.003133  0.000357  0.002776 
-9.402201    0.003154  0.000358  0.002796 
-9.387194    0.003175  0.000359  0.002816 
-9.372186    0.003197  0.000360  0.002837 
-9.357179    0.003218  0.000361  0.002858 
-9.342171    0.003240  0.000362  0.002879 
-9.327164    0.003263  0.000362  0.002900 
-9.312156    0.003285  0.000363  0.002922 
-9.297149    0.003308  0.000364  0.002944 
-9.282141    0.003331  0.000365  0.002966 
-9.267134    0.003354  0.000366  0.002988 
-9.252126    0.003377  0.000367  0.003011 
-9.237119    0.003401  0.000367  0.003034 
-9.222111    0.003425  0.000368  0.003057 
-9.207104    0.003450  0.000369  0.003081 
-9.192096    0.003475  0.000370  0.003105 
-9.177089    0.003500  0.000371  0.003129 
-9.162081    0.003525  0.000372  0.003153 
-9.147074    0.003551  0.000373  0.003178 
-9.132066    0.003577  0.000373  0.003203 
-9.117059    0.003603  0.000374  0.003229 
-9.102051    0.003630  0.000375  0.003255 
-9.087044    0.003657  0.000376  0.003281 
-9.072036    0.003684  0.000377  0.003308 
-9.057029    0.003712  0.000378  0.003335 
-9.042021    0.003740  0.000379  0.003362 
-9.027014    0.003769  0.000380  0.003389 
-9.012006    0.003798  0.000380  0.003418 
-8.996998    0.003827  0.000381  0.003446 
-8.981991    0.003857  0.000382  0.003475 
-8.966983    0.003887  0.000383  0.003504 
-8.951976    0.003918  0.000384  0.003534 
-8.936968    0.003949  0.000385  0.003564 
-8.921961    0.003980  0.000386  0.003594 
-8.906953    0.004012  0.000387  0.003625 
-8.891946    0.004044  0.000388  0.003657 
-8.876938    0.004077  0.000389  0.003689 
-8.861931    0.004111  0.000390  0.003721 
-8.846923    0.004144  0.000390  0.003754 
-8.831916    0.004179  0.000391  0.003787 
-8.816908    0.004213  0.000392  0.003821 
-8.801901    0.004249  0.000393  0.003855 
-8.786893    0.004284  0.000394  0.003890 
-8.771886    0.004321  0.000395  0.003926 
-8.756878    0.004358  0.000396  0.003962 
-8.741871    0.004395  0.000397  0.003998 
-8.726863    0.004433  0.000398  0.004035 
-8.711856    0.004472  0.000399  0.004073 
-8.696848    0.004511  0.000400  0.004111 
-8.681841    0.004551  0.000401  0.004150 
-8.666833    0.004592  0.000402  0.004190 
-8.651826    0.004633  0.000403  0.004230 
-8.636818    0.004675  0.000404  0.004271 
-8.621811    0.004717  0.000405  0.004313 
-8.606803    0.004760  0.000406  0.004355 
-8.591796    0.004804  0.000407  0.004398 
-8.576788    0.004849  0.000408  0.004441 
-8.561781    0.004895  0.000409  0.004486 
-8.546773    0.004941  0.000410  0.004531 
-8.531766    0.004988  0.000411  0.004577 
-8.516758    0.005036  0.000412  0.004624 
-8.501751    0.005084  0.000413  0.004671 
-8.486743    0.005134  0.000414  0.004720 
-8.471736    0.005184  0.000415  0.004769 
-8.456728    0.005235  0.000416  0.004820 
-8.441721    0.005287  0.000417  0.004871 
-8.426713    0.005341  0.000418  0.004923 
-8.411706    0.005395  0.000419  0.004976 
-8.396698    0.005450  0.000420  0.005030 
-8.381691    0.005506  0.000421  0.005085 
-8.366683    0.005563  0.000422  0.005141 
-8.351676    0.005621  0.000423  0.005198 
-8.336668    0.005681  0.000424  0.005257 
-8.321661    0.005741  0.000425  0.005316 
-8.306653    0.005803  0.000426  0.005377 
-8.291646    0.005866  0.000427  0.005439 
-8.276638    0.005930  0.000428  0.005502 
-8.261631    0.005995  0.000429  0.005566 
-8.246623    0.006062  0.000430  0.005632 
-8.231616    0.006130  0.000431  0.005699 
-8.216608    0.006200  0.000433  0.005767 
-8.201601    0.006271  0.000434  0.005837 
-8.186593    0.006343  0.000435  0.005909 
-8.171586    0.006417  0.000436  0.005982 
-8.156578    0.006493  0.000437  0.006056 
-8.141571    0.006570  0.000438  0.006132 
-8.126563    0.006649  0.000439  0.006210 
-8.111556    0.006730  0.000440  0.006290 
-8.096548    0.006813  0.000441  0.006371 
-8.081541    0.006897  0.000442  0.006455 
-8.066533    0.006983  0.000444  0.006540 
-8.051526    0.007072  0.000445  0.006627 
-8.036518    0.007162  0.000446  0.006716 
-8.021511    0.007255  0.000447  0.006808 
-8.006503    0.007349  0.000448  0.006901 
-7.991496    0.007446  0.000449  0.006997 
-7.976488    0.007546  0.000450  0.007095 
-7.961481    0.007648  0.000452  0.007196 
-7.946473    0.007752  0.000453  0.007299 
-7.931466    0.007859  0.000454  0.007405 
-7.916458    0.007969  0.000455  0.007514 
-7.901451    0.008082  0.000456  0.007625 
-7.886443    0.008197  0.000457  0.007740 
-7.871436    0.008316  0.000459  0.007857 
-7.856428    0.008438  0.000460  0.007978 
-7.841421    0.008563  0.000461  0.008102 
-7.826413    0.008692  0.000462  0.008230 
-7.811406    0.008824  0.000463  0.008361 
-7.796398    0.008960  0.000464  0.008495 
-7.781391    0.009100  0.000466  0.008634 
-7.766383    0.009244  0.000467  0.008777 
-7.751376    0.009392  0.000468  0.008924 
-7.736368    0.009545  0.000469  0.009075 
-7.721361    0.009702  0.000471  0.009231 
-7.706353    0.009864  0.000472  0.009392 
-7.691346    0.010031  0.000473  0.009558 
-7.676338    0.010204  0.000474  0.009730 
-7.661331    0.010382  0.000476  0.009906 
-7.646323    0.010566  0.000477  0.010089 
-7.631316    0.010756  0.000478  0.010278 
-7.616308    0.010952  0.000479  0.010473 
-7.601301    0.011155  0.000481  0.010674 
-7.586293    0.011365  0.000482  0.010883 
-7.571286    0.011582  0.000483  0.011099 
-7.556278    0.011807  0.000484  0.011323 
-7.541271    0.012041  0.000486  0.011555 
-7.526263    0.012283  0.000487  0.011796 
-7.511256    0.012533  0.000488  0.012045 
-7.496248    0.012794  0.000490  0.012304 
-7.481241    0.013065  0.000491  0.012574 
-7.466233    0.013346  0.000492  0.012854 
-7.451226    0.013638  0.000494  0.013145 
-7.436218    0.013943  0.000495  0.013448 
-7.421211    0.014260  0.000496  0.013764 
-7.406203    0.014591  0.000497  0.014093 
-7.391196    0.014936  0.000499  0.014437 
-7.376188    0.015296  0.000500  0.014796 
-7.361181    0.015672  0.000502  0.015170 
-7.346173    0.016065  0.000503  0.015562 
-7.331166    0.016477  0.000504  0.015973 
-7.316158    0.016908  0.000506  0.016403 
-7.301151    0.017360  0.000507  0.016853 
-7.286143    0.017835  0.000508  0.017326 
-7.271136    0.018333  0.000510  0.017824 
-7.256128    0.018858  0.000511  0.018346 
-7.241121    0.019409  0.000513  0.018897 
-7.226113    0.019991  0.000514  0.019477 
-7.211106    0.020605  0.000515  0.020089 
-7.196098    0.021253  0.000517  0.020736 
-7.181091    0.021939  0.000518  0.021421 
-7.166083    0.022665  0.000520  0.022146 
-7.151076    0.023436  0.000521  0.022915 
-7.136068    0.024254  0.000522  0.023731 
-7.121061    0.025124  0.000524  0.024600 
-7.106053    0.026051  0.000525  0.025526 
-7.091046    0.027040  0.000527  0.026513 
-7.076038    0.028098  0.000528  0.027569 
-7.061031    0.029230  0.000530  0.028700 
-7.046023    0.030444  0.000531  0.029913 
-7.031016    0.031749  0.000533  0.031216 
-7.016008    0.033154  0.000534  0.032620 
-7.001001    0.034671  0.000536  0.034136 
-6.985993    0.036312  0.000537  0.035775 
-6.970985    0.038091  0.000539  0.037553 
-6.955978    0.040025  0.000540  0.039485 
-6.940970    0.042132  0.000542  0.041590 
-6.925963    0.044435  0.000543  0.043892 
-6.910955    0.046959  0.000545  0.046414 
-6.895948    0.049733  0.000546  0.049187 
-6.880940    0.052793  0.000548  0.052245 
-6.865933    0.056180  0.000549  0.055630 
-6.850925    0.059941  0.000551  0.059390 
-6.835918    0.064135  0.000553  0.063582 
-6.820910    0.068829  0.000554  0.068275 
-6.805903    0.074108  0.000556  0.073552 
-6.790895    0.080069  0.000557  0.079512 
-6.775888    0.086833  0.000559  0.086275 
-6.760880    0.094548  0.000560  0.093988 
-6.745873    0.103393  0.000562  0.102831 
-6.730865    0.113588  0.000564  0.113024 
-6.715858    0.125407  0.000565  0.124841 
-6.700850    0.139185  0.000567  0.138618 
-6.685843    0.155339  0.000569  0.154770 
-6.670835    0.174381  0.000570  0.173810 
-6.655828    0.196935  0.000572  0.196363 
-6.640820    0.223749  0.000573  0.223176 
-6.625813    0.255688  0.000575  0.255112 
-6.610805    0.293681  0.000577  0.293104 
-6.595798    0.338596  0.000578  0.338017 
-6.580790    0.390950  0.000580  0.390370 
-6.565783    0.450381  0.000582  0.449799 
-6.550775    0.514826  0.000584  0.514243 
-6.535768    0.579557  0.000585  0.578972 
-6.520760    0.636693  0.000587  0.636106 
-6.505753    0.676295  0.000589  0.675706 
-6.490745    0.689720  0.000590  0.689130 
-6.475738    0.673824  0.000592  0.673232 
-6.460730    0.632737  0.000594  0.632143 
-6.445723    0.575563  0.000596  0.574967 
-6.430715    0.512113  0.000597  0.511515 
-6.415708    0.449847  0.000599  0.449248 
-6.400700    0.393078  0.000601  0.392477 
-6.385693    0.343579  0.000603  0.342976 
-6.370685    0.301556  0.000604  0.300952 
-6.355678    0.266431  0.000606  0.265825 
-6.340670    0.237330  0.000608  0.236722 
-6.325663    0.213343  0.000610  0.212733 
-6.310655    0.193638  0.000612  0.193027 
-6.295648    0.177509  0.000614  0.176895 
-6.280640    0.164371  0.000615  0.163755 
-6.265633    0.153755  0.000617  0.153138 
-6.250625    0.145291  0.000619  0.144672 
-6.235618    0.138690  0.000621  0.138069 
-6.220610    0.133733  0.000623  0.133110 
-6.205603    0.130257  0.000625  0.129633 
-6.190595    0.128154  0.000627  0.127527 
-6.175588    0.127353  0.000629  0.126725 
-6.160580    0.127831  0.000630  0.127200 
-6.145573    0.129599  0.000632  0.128966 
-6.130565    0.132710  0.000634  0.132075 
-6.115558    0.137260  0.000636  0.136624 
-6.100550    0.143394  0.000638  0.142756 
-6.085543    0.151310  0.000640  0.150670 
-6.070535    0.161271  0.000642  0.160629 
-6.055528    0.173621  0.000644  0.172977 
-6.040520    0.188793  0.000646  0.188147 
-6.025513    0.207331  0.000648  0.206683 
-6.010505    0.229898  0.000650  0.229248 
-5.995498    0.257279  0.000652  0.256627 
-5.980490    0.290352  0.000654  0.289698 
-5.965483    0.329991  0.000656  0.329335 
-5.950475    0.376855  0.000658  0.376197 
-5.935468    0.430962  0.000660  0.430302 
-5.920460    0.490988  0.000662  0.490326 
-5.905453    0.553334  0.000664  0.552670 
-5.890445    0.611382  0.000666  0.610716 
-5.875438    0.655878  0.000668  0.655210 
-5.860430    0.677440  0.000670  0.676770 
-5.845423    0.670683  0.000673  0.670010 
-5.830415    0.637154  0.000675  0.636479 
-5.815408    0.584449  0.000677  0.583772 
-5.800400    0.522338  0.000679  0.521659 
-5.785393    0.459108  0.000681  0.458427 
-5.770385    0.400030  0.000683  0.399347 
-5.755378    0.347603  0.000685  0.346917 
-5.740370    0.302458  0.000688  0.301770 
-5.725363    0.264224  0.000690  0.263534 
-5.710355    0.232098  0.000692  0.231406 
-5.695348    0.205169  0.000694  0.204475 
-5.680340    0.182575  0.000696  0.181879 
-5.665333    0.163562  0.000699  0.162863 
-5.650325    0.147493  0.000701  0.146792 
-5.635318    0.133847  0.000703  0.133144 
-5.620310    0.122200  0.000705  0.121494 
-5.605303    0.112207  0.000708  0.111499 
-5.590295    0.103591  0.000710  0.102881 
-5.575288    0.096127  0.000712  0.095415 
-5.560280    0.089631  0.000715  0.088917 
-5.545273    0.083955  0.000717  0.083238 
-5.530265    0.078975  0.000719  0.078256 
-5.515258    0.074591  0.000722  0.073870 
-5.500250    0.070720  0.000724  0.069996 
-5.485243    0.067292  0.000726  0.066566 
-5.470235    0.064249  0.000729  0.063521 
-5.455228    0.061543  0.000731  0.060812 
-5.440220    0.059132  0.000733  0.058399 
-5.425213    0.056982  0.000736  0.056246 
-5.410205    0.055063  0.000738  0.054324 
-5.395198    0.053349  0.000741  0.052608 
-5.380190    0.051820  0.000743  0.051077 
-5.365183    0.050456  0.000746  0.049710 
-5.350175    0.049241  0.000748  0.048493 
-5.335168    0.048163  0.000751  0.047412 
-5.320160    0.047207  0.000753  0.046454 
-5.305153    0.046365  0.000756  0.045610 
-5.290145    0.045627  0.000758  0.044869 
-5.275138    0.044985  0.000761  0.044224 
-5.260130    0.044432  0.000763  0.043669 
-5.245123    0.043963  0.000766  0.043197 
-5.230115    0.043571  0.000768  0.042803 
-5.215108    0.043253  0.000771  0.042483 
-5.200100    0.043005  0.000773  0.042232 
-5.185093    0.042824  0.000776  0.042048 
-5.170085    0.042706  0.000779  0.041927 
-5.155078    0.042649  0.000781  0.041867 
-5.140070    0.042651  0.000784  0.041867 
-5.125063    0.042710  0.000787  0.041924 
-5.110055    0.042826  0.000789  0.042037 
-5.095048    0.042997  0.000792  0.042205 
-5.080040    0.043223  0.000795  0.042428 
-5.065033    0.043502  0.000797  0.042705 
-5.050025    0.043836  0.000800  0.043036 
-5.035018    0.044224  0.000803  0.043421 
-5.020010    0.044667  0.000806  0.043861 
-5.005003    0.045165  0.000809  0.044356 
-4.989995    0.045719  0.000811  0.044908 
-4.974987    0.046331  0.000814  0.045517 
-4.959980    0.047002  0.000817  0.046185 
-4.944972    0.047734  0.000820  0.046914 
-4.929965    0.048528  0.000823  0.047705 
-4.914957    0.049388  0.000826  0.048562 
-4.899950    0.050315  0.000828  0.049487 
-4.884942    0.051314  0.000831  0.050482 
-4.869935    0.052387  0.000834  0.051552 
-4.854927    0.053538  0.000837  0.052701 
-4.839920    0.054771  0.000840  0.053931 
-4.824912    0.056092  0.000843  0.055249 
-4.809905    0.057506  0.000846  0.056660 
-4.794897    0.059017  0.000849  0.058168 
-4.779890    0.060634  0.000852  0.059782 
-4.764882    0.062363  0.000855  0.061508 
-4.749875    0.064212  0.000858  0.063354 
-4.734867    0.066190  0.000861  0.065329 
-4.719860    0.068307  0.000864  0.067442 
-4.704852    0.070573  0.000867  0.069706 
-4.689845    0.073002  0.000870  0.072131 
-4.674837    0.075606  0.000874  0.074733 
-4.659830    0.078401  0.000877  0.077525 
-4.644822    0.081405  0.000880  0.080525 
-4.629815    0.084635  0.000883  0.083752 
-4.614807    0.088114  0.000886  0.087228 
-4.599800    0.091866  0.000889  0.090977 
-4.584792    0.095918  0.000893  0.095025 
-4.569785    0.100301  0.000896  0.099405 
-4.554777    0.105051  0.000899  0.104152 
-4.539770    0.110207  0.000902  0.109305 
-4.524762    0.115815  0.000906  0.114910 
-4.509755    0.121928  0.000909  0.121019 
-4.494747    0.128606  0.000912  0.127693 
-4.479740    0.135918  0.000916  0.135002 
-4.464732    0.143945  0.000919  0.143026 
-4.449725    0.152780  0.000923  0.151858 
-4.434717    0.162533  0.000926  0.161607 
-4.419710    0.173332  0.000929  0.172403 
-4.404702    0.185328  0.000933  0.184395 
-4.389695    0.198699  0.000936  0.197762 
-4.374687    0.213656  0.000940  0.212716 
-4.359680    0.230453  0.000943  0.229510 
-4.344672    0.249394  0.000947  0.248447 
-4.329665    0.270845  0.000950  0.269894 
-4.314657    0.295249  0.000954  0.294295 
-4.299650    0.323148  0.000958  0.322191 
-4.284642    0.355204  0.000961  0.354243 
-4.269635    0.392230  0.000965  0.391265 
-4.254627    0.435230  0.000969  0.434262 
-4.239620    0.485445  0.000972  0.484473 
-4.224612    0.544408  0.000976  0.543432 
-4.209605    0.614010  0.000980  0.613030 
-4.194597    0.696559  0.000983  0.695576 
-4.179590    0.794829  0.000987  0.793842 
-4.164582    0.912040  0.000991  0.911049 
-4.149575    1.051707  0.000995  1.050713 
-4.134567    1.217185  0.000999  1.216187 
-4.119560    1.410678  0.001002  1.409676 
-4.104552    1.631361  0.001006  1.630355 
-4.089545    1.872395  0.001010  1.871385 
-4.074537    2.117249  0.001014  2.116235 
-4.059530    2.337434  0.001018  2.336415 
-4.044522    2.495683  0.001022  2.494661 
-4.029515    2.557698  0.001026  2.556672 
-4.014507    2.508308  0.001030  2.507278 
-3.999500    2.359956  0.001034  2.358922 
-3.984492    2.145687  0.001038  2.144649 
-3.969485    1.903151  0.001042  1.902109 
-3.954477    1.662044  0.001046  1.660997 
-3.939470    1.440093  0.001050  1.439042 
-3.924462    1.244982  0.001055  1.243927 
-3.909455    1.078007  0.001059  1.076948 
-3.894447    0.937177  0.001063  0.936114 
-3.879440    0.819204  0.001067  0.818137 
-3.864432    0.720566  0.001071  0.719494 
-3.849425    0.638004  0.001076  0.636928 
-3.834417    0.568702  0.001080  0.567622 
-3.819410    0.510309  0.001084  0.509225 
-3.804402    0.460899  0.001089  0.459810 
-3.789395    0.418910  0.001093  0.417817 
-3.774387    0.383080  0.001098  0.381983 
-3.759380    0.352390  0.001102  0.351288 
-3.744372    0.326015  0.001106  0.324909 
-3.729365    0.303287  0.001111  0.302176 
-3.714357    0.283663  0.001116  0.282548 
-3.699350    0.266699  0.001120  0.265579 
-3.684342    0.252032  0.001125  0.250908 
-3.669335    0.239364  0.001129  0.238235 
-3.654327    0.228450  0.001134  0.227316 
-3.639320    0.219089  0.001139  0.217950 
-3.624312    0.211114  0.001143  0.209971 
-3.609305    0.204390  0.001148  0.203242 
-3.594297    0.198806  0.001153  0.197653 
-3.579290    0.194273  0.001158  0.193115 
-3.564282    0.190721  0.001162  0.189559 
-3.549275    0.188096  0.001167  0.186929 
-3.534267    0.186358  0.001172  0.185186 
-3.519260    0.185483  0.001177  0.184306 
-3.504252    0.185458  0.001182  0.184276 
-3.489245    0.186283  0.001187  0.185096 
-3.474237    0.187971  0.001192  0.186779 
-3.459230    0.190546  0.001197  0.189349 
-3.444222    0.194049  0.001202  0.192847 
-3.429215    0.198534  0.001207  0.197326 
-3.414207    0.204070  0.001212  0.202858 
-3.399200    0.210748  0.001218  0.209531 
-3.384192    0.218679  0.001223  0.217456 
-3.369185    0.227999  0.001228  0.226771 
-3.354177    0.238874  0.001233  0.237641 
-3.339170    0.251507  0.001239  0.250268 
-3.324162    0.266144  0.001244  0.264900 
-3.309155    0.283084  0.001249  0.281834 
-3.294147    0.302692  0.001255  0.301438 
-3.279140    0.325415  0.001260  0.324155 
-3.264132    0.351799  0.001266  0.350533 
-3.249125    0.382516  0.001271  0.381244 
-3.234117    0.418395  0.001277  0.417118 
-3.219110    0.460462  0.001282  0.459180 
-3.204102    0.509987  0.001288  0.508699 
-3.189095    0.568543  0.001294  0.567249 
-3.174087    0.638065  0.001299  0.636766 
-3.159080    0.720917  0.001305  0.719612 
-3.144072    0.819926  0.001311  0.818615 
-3.129065    0.938351  0.001317  0.937035 
-3.114057    1.079696  0.001323  1.078374 
-3.099050    1.247189  0.001328  1.245861 
-3.084042    1.442678  0.001334  1.441343 
-3.069035    1.664591  0.001340  1.663251 
-3.054027    1.904798  0.001346  1.903451 
-3.039020    2.144986  0.001353  2.143633 
-3.024012    2.354985  0.001359  2.353626 
-3.009005    2.497225  0.001365  2.495861 
-2.993997    2.539682  0.001371  2.538311 
-2.978989    2.471588  0.001377  2.470211 
-2.963982    2.309536  0.001384  2.308152 
-2.948974    2.088238  0.001390  2.086848 
-2.933967    1.844442  0.001396  1.843045 
-2.918959    1.605756  0.001403  1.604353 
-2.903952    1.387932  0.001409  1.386523 
-2.888944    1.197307  0.001416  1.195891 
-2.873937    1.034446  0.001422  1.033024 
-2.858929    0.897049  0.001429  0.895620 
-2.843922    0.781750  0.001435  0.780315 
-2.828914    0.685069  0.001442  0.683627 
-2.813907    0.603828  0.001449  0.602379 
-2.798899    0.535300  0.001456  0.533845 
-2.783892    0.477218  0.001462  0.475755 
-2.768884    0.427726  0.001469  0.426256 
-2.753877    0.385319  0.001476  0.383843 
-2.738869    0.348781  0.001483  0.347298 
-2.723862    0.317126  0.001490  0.315636 
-2.708854    0.289557  0.001497  0.288060 
-2.693847    0.265423  0.001505  0.263918 
-2.678839    0.244193  0.001512  0.242681 
-2.663832    0.225431  0.001519  0.223912 
-2.648824    0.208777  0.001526  0.207251 
-2.633817    0.193934  0.001534  0.192400 
-2.618809    0.180651  0.001541  0.179110 
-2.603802    0.168720  0.001548  0.167172 
-2.588794    0.157967  0.001556  0.156411 
-2.573787    0.148242  0.001564  0.146678 
-2.558779    0.139419  0.001571  0.137848 
-2.543772    0.131392  0.001579  0.129813 
-2.528764    0.124066  0.001587  0.122480 
-2.513757    0.117364  0.001594  0.115770 
-2.498749    0.111216  0.001602  0.109614 
-2.483742    0.105563  0.001610  0.103953 
-2.468734    0.100354  0.001618  0.098735 
-2.453727    0.095542  0.001626  0.093915 
-2.438719    0.091088  0.001634  0.089454 
-2.423712    0.086958  0.001642  0.085315 
-2.408704    0.083120  0.001651  0.081469 
-2.393697    0.079548  0.001659  0.077889 
-2.378689    0.076217  0.001667  0.074549 
-2.363682    0.073106  0.001676  0.071430 
-2.348674    0.070195  0.001684  0.068511 
-2.333667    0.067469  0.001693  0.065776 
-2.318659    0.064911  0.001701  0.063209 
-2.303652    0.062507  0.001710  0.060797 
-2.288644    0.060246  0.001719  0.058528 
-2.273637    0.058117  0.001728  0.056389 
-2.258629    0.056108  0.001736  0.054372 
-2.243622    0.054211  0.001745  0.052466 
-2.228614    0.052418  0.001754  0.050664 
-2.213607    0.050722  0.001764  0.048958 
-2.198599    0.049114  0.001773  0.047341 
-2.183592    0.047590  0.001782  0.045808 
-2.168584    0.046143  0.001791  0.044352 
-2.153577    0.044768  0.001801  0.042968 
-2.138569    0.043461  0.001810  0.041651 
-2.123562    0.042217  0.001820  0.040397 
-2.108554    0.041031  0.001829  0.039202 
-2.093547    0.039901  0.001839  0.038062 
-2.078539    0.038823  0.001849  0.036974 
-2.063532    0.037794  0.001859  0.035935 
-2.048524    0.036810  0.001869  0.034941 
-2.033517    0.035869  0.001879  0.033990 
-2.018509    0.034969  0.001889  0.033080 
-2.003502    0.034107  0.001899  0.032208 
-1.988494    0.033281  0.001909  0.031372 
-1.973487    0.032489  0.001919  0.030570 
-1.958479    0.031730  0.001930  0.029800 
-1.943472    0.031000  0.001940  0.029060 
-1.928464    0.030300  0.001951  0.028349 
-1.913457    0.029627  0.001962  0.027665 
-1.898449    0.028980  0.001973  0.027008 
-1.883442    0.028358  0.001983  0.026374 
-1.868434    0.027759  0.001994  0.025764 
-1.853427    0.027182  0.002005  0.025176 
-1.838419    0.026626  0.002017  0.024610 
-1.823412    0.026090  0.002028  0.024063 
-1.808404    0.025574  0.002039  0.023535 
-1.793397    0.025076  0.002051  0.023025 
-1.778389    0.024595  0.002062  0.022533 
-1.763382    0.024131  0.002074  0.022057 
-1.748374    0.023683  0.002086  0.021597 
-1.733367    0.023249  0.002097  0.021152 
-1.718359    0.022831  0.002109  0.020721 
-1.703352    0.022426  0.002121  0.020304 
-1.688344    0.022034  0.002134  0.019901 
-1.673337    0.021655  0.002146  0.019509 
-1.658329    0.021289  0.002158  0.019130 
-1.643322    0.020934  0.002171  0.018763 
-1.628314    0.020590  0.002183  0.018406 
-1.613307    0.020257  0.002196  0.018060 
-1.598299    0.019934  0.002209  0.017725 
-1.583292    0.019621  0.002222  0.017399 
-1.568284    0.019317  0.002235  0.017082 
-1.553277    0.019023  0.002248  0.016775 
-1.538269    0.018737  0.002261  0.016476 
-1.523262    0.018460  0.002275  0.016186 
-1.508254    0.018191  0.002288  0.015903 
-1.493247    0.017930  0.002302  0.015628 
-1.478239    0.017677  0.002316  0.015361 
-1.463232    0.017431  0.002330  0.015101 
-1.448224    0.017192  0.002344  0.014848 
-1.433217    0.016959  0.002358  0.014601 
-1.418209    0.016733  0.002372  0.014361 
-1.403202    0.016514  0.002387  0.014127 
-1.388194    0.016300  0.002401  0.013899 
-1.373187    0.016093  0.002416  0.013677 
-1.358179    0.015891  0.002431  0.013460 
-1.343172    0.015694  0.002446  0.013249 
-1.328164    0.015503  0.002461  0.013042 
-1.313157    0.015318  0.002476  0.012841 
-1.298149    0.015137  0.002492  0.012645 
-1.283142    0.014961  0.002507  0.012453 
-1.268134    0.014789  0.002523  0.012266 
-1.253127    0.014623  0.002539  0.012084 
-1.238119    0.014460  0.002555  0.011905 
-1.223112    0.014302  0.002571  0.011731 
-1.208104    0.014148  0.002587  0.011561 
-1.193097    0.013998  0.002604  0.011394 
-1.178089    0.013852  0.002621  0.011232 
-1.163082    0.013710  0.002637  0.011073 
-1.148074    0.013571  0.002654  0.010917 
-1.133067    0.013436  0.002672  0.010765 
-1.118059    0.013305  0.002689  0.010616 
-1.103052    0.013177  0.002706  0.010470 
-1.088044    0.013052  0.002724  0.010328 
-1.073037    0.012930  0.002742  0.010188 
-1.058029    0.012812  0.002760  0.010052 
-1.043022    0.012696  0.002778  0.009918 
-1.028014    0.012584  0.002797  0.009787 
-1.013007    0.012474  0.002815  0.009659 
-0.997999    0.012368  0.002834  0.009533 
-0.982991    0.012263  0.002853  0.009410 
-0.967984    0.012162  0.002872  0.009290 
-0.952976    0.012063  0.002892  0.009172 
-0.937969    0.011967  0.002911  0.009056 
-0.922961    0.011873  0.002931  0.008942 
-0.907954    0.011782  0.002951  0.008831 
-0.892946    0.011693  0.002971  0.008722 
-0.877939    0.011606  0.002992  0.008615 
-0.862931    0.011522  0.003012  0.008510 
-0.847924    0.011440  0.003033  0.008406 
-0.832916    0.011360  0.003054  0.008305 
-0.817909    0.011282  0.003076  0.008206 
-0.802901    0.011206  0.003097  0.008109 
-0.787894    0.011132  0.003119  0.008013 
-0.772886    0.011060  0.003141  0.007919 
-0.757879    0.010990  0.003163  0.007827 
-0.742871    0.010922  0.003186  0.007737 
-0.727864    0.010856  0.003208  0.007648 
-0.712856    0.010792  0.003231  0.007561 
-0.697849    0.010730  0.003255  0.007475 
-0.682841    0.010669  0.003278  0.007391 
-0.667834    0.010610  0.003302  0.007308 
-0.652826    0.010553  0.003326  0.007227 
-0.637819    0.010497  0.003350  0.007147 
-0.622811    0.010443  0.003375  0.007069 
-0.607804    0.010391  0.003400  0.006991 
-0.592796    0.010340  0.003425  0.006916 
-0.577789    0.010291  0.003450  0.006841 
-0.562781    0.010244  0.003476  0.006768 
-0.547774    0.010197  0.003502  0.006695 
-0.532766    0.010153  0.003528  0.006625 
-0.517759    0.010110  0.003555  0.006555 
-0.502751    0.010068  0.003582  0.006486 
-0.487744    0.010028  0.003609  0.006419 
-0.472736    0.009989  0.003637  0.006352 
-0.457729    0.009952  0.003665  0.006287 
-0.442721    0.009915  0.003693  0.006223 
-0.427714    0.009881  0.003721  0.006159 
-0.412706    0.009847  0.003750  0.006097 
-0.397699    0.009815  0.003780  0.006036 
-0.382691    0.009785  0.003809  0.005975 
-0.367684    0.009755  0.003839  0.005916 
-0.352676    0.009727  0.003870  0.005857 
-0.337669    0.009700  0.003900  0.005800 
-0.322661    0.009674  0.003931  0.005743 
-0.307654    0.009650  0.003963  0.005687 
-0.292646    0.009627  0.003995  0.005632 
-0.277639    0.009605  0.004027  0.005578 
-0.262631    0.009584  0.004060  0.005524 
-0.247624    0.009565  0.004093  0.005472 
-0.232616    0.009546  0.004126  0.005420 
-0.217609    0.009529  0.004160  0.005369 
-0.202601    0.009513  0.004194  0.005319 
-0.187594    0.009498  0.004229  0.005269 
-0.172586    0.009485  0.004265  0.005220 
-0.157579    0.009472  0.004300  0.005172 
-0.142571    0.009461  0.004336  0.005124 
-0.127564    0.009451  0.004373  0.005078 
-0.112556    0.009442  0.004410  0.005031 
-0.097549    0.009434  0.004448  0.004986 
-0.082541    0.009427  0.004486  0.004941 
-0.067534    0.009421  0.004525  0.004897 
-0.052526    0.009417  0.004564  0.004853 
-0.037519    0.009413  0.004603  0.004810 
-0.022511    0.009411  0.004644  0.004768 
-0.007504    0.009410  0.004684  0.004726 
 0.007504    0.009410  0.004726  0.004684 
 0.022511    0.009411  0.004768  0.004644 
 0.037519    0.009413  0.004810  0.004603 
 0.052526    0.009417  0.004853  0.004564 
 0.067534    0.009421  0.004897  0.004525 
 0.082541    0.009427  0.004941  0.004486 
 0.097549    0.009434  0.004986  0.004448 
 0.112556    0.009442  0.005031  0.004410 
 0.127564    0.009451  0.005078  0.004373 
 0.142571    0.009461  0.005124  0.004336 
 0.157579    0.009472  0.005172  0.004300 
 0.172586    0.009485  0.005220  0.004265 
 0.187594    0.009498  0.005269  0.004229 
 0.202601    0.009513  0.005319  0.004194 
 0.217609    0.009529  0.005369  0.004160 
 0.232616    0.009546  0.005420  0.004126 
 0.247624    0.009565  0.005472  0.004093 
 0.262631    0.009584  0.005524  0.004060 
 0.277639    0.009605  0.005578  0.004027 
 0.292646    0.009627  0.005632  0.003995 
 0.307654    0.009650  0.005687  0.003963 
 0.322661    0.009674  0.005743  0.003931 
 0.337669    0.009700  0.005800  0.003900 
 0.352676    0.009727  0.005857  0.003870 
 0.367684    0.009755  0.005916  0.003839 
 0.382691    0.009785  0.005975  0.003809 
 0.397699    0.009815  0.006036  0.003780 
 0.412706    0.009847  0.006097  0.003750 
 0.427714    0.009881  0.006159  0.003721 
 0.442721    0.009915  0.006223  0.003693 
 0.457729    0.009952  0.006287  0.003665 
 0.472736    0.009989  0.006352  0.003637 
 0.487744    0.010028  0.006419  0.003609 
 0.502751    0.010068  0.006486  0.003582 
 0.517759    0.010110  0.006555  0.003555 
 0.532766    0.010153  0.006625  0.003528 
 0.547774    0.010197  0.006695  0.003502 
 0.562781    0.010244  0.006768  0.003476 
 0.577789    0.010291  0.006841  0.003450 
 0.592796    0.010340  0.006916  0.003425 
 0.607804    0.010391  0.006991  0.003400 
 0.622811    0.010443  0.007069  0.003375 
 0.637819    0.010497  0.007147  0.003350 
 0.652826    0.010553  0.007227  0.003326 
 0.667834    0.010610  0.007308  0.003302 
 0.682841    0.010669  0.007391  0.003278 
 0.697849    0.010730  0.007475  0.003255 
 0.712856    0.010792  0.007561  0.003231 
 0.727864    0.010856  0.007648  0.003208 
 0.742871    0.010922  0.007737  0.003186 
 0.757879    0.010990  0.007827  0.003163 
 0.772886    0.011060  0.007919  0.003141 
 0.787894    0.011132  0.008013  0.003119 
 0.802901    0.011206  0.008109  0.003097 
 0.817909    0.011282  0.008206  0.003076 
 0.832916    0.011360  0.008305  0.003054 
 0.847924    0.011440  0.008406  0.003033 
 0.862931    0.011522  0.008510  0.003012 
 0.877939    0.011606  0.008615  0.002992 
 0.892946    0.011693  0.008722  0.002971 
 0.907954    0.011782  0.008831  0.002951 
 0.922961    0.011873  0.008942  0.002931 
 0.937969    0.011967  0.009056  0.002911 
 0.952976    0.012063  0.009172  0.002892 
 0.967984    0.012162  0.009290  0.002872 
 0.982991    0.012263  0.009410  0.002853 
 0.997999    0.012368  0.009533  0.002834 
 1.013007    0.012474  0.009659  0.002815 
 1.028014    0.012584  0.009787  0.002797 
 1.043022    0.012696  0.009918  0.002778 
 1.058029    0.012812  0.010052  0.002760 
 1.073037    0.012930  0.010188  0.002742 
 1.088044    0.013052  0.010328  0.002724 
 1.103052    0.013177  0.010470  0.002706 
 1.118059    0.013305  0.010616  0.002689 
 1.133067    0.013436  0.010765  0.002672 
 1.148074    0.013571  0.010917  0.002654 
 1.163082    0.013710  0.011073  0.002637 
 1.178089    0.013852  0.011232  0.002621 
 1.193097    0.013998  0.011394  0.002604 
 1.208104    0.014148  0.011561  0.002587 
 1.223112    0.014302  0.011731  0.002571 
 1.238119    0.014460  0.011905  0.002555 
 1.253127    0.014623  0.012084  0.002539 
 1.268134    0.014789  0.012266  0.002523 
 1.283142    0.014961  0.012453  0.002507 
 1.298149    0.015137  0.012645  0.002492 
 1.313157    0.015318  0.012841  0.002476 
 1.328164    0.015503  0.013042  0.002461 
 1.343172    0.015694  0.013249  0.002446 
 1.358179    0.015891  0.013460  0.002431 
 1.373187    0.016093  0.013677  0.002416 
 1.388194    0.016300  0.013899  0.002401 
 1.403202    0.016514  0.014127  0.002387 
 1.418209    0.016733  0.014361  0.002372 
 1.433217    0.016959  0.014601  0.002358 
 1.448224    0.017192  0.014848  0.002344 
 1.463232    0.017431  0.015101  0.002330 
 1.478239    0.017677  0.015361  0.002316 
 1.493247    0.017930  0.015628  0.002302 
 1.508254    0.018191  0.015903  0.002288 
 1.523262    0.018460  0.016186  0.002275 
 1.538269    0.018737  0.016476  0.002261 
 1.553277    0.019023  0.016775  0.002248 
 1.568284    0.019317  0.017082  0.002235 
 1.583292    0.019621  0.017399  0.002222 
 1.598299    0.019934  0.017725  0.002209 
 1.613307    0.020257  0.018060  0.002196 
 1.628314    0.020590  0.018406  0.002183 
 1.643322    0.020934  0.018763  0.002171 
 1.658329    0.021289  0.019130  0.002158 
 1.673337    0.021655  0.019509  0.002146 
 1.688344    0.022034  0.019901  0.002134 
 1.703352    0.022426  0.020304  0.002121 
 1.718359    0.022831  0.020721  0.002109 
 1.733367    0.023249  0.021152  0.002097 
 1.748374    0.023683  0.021597  0.002086 
 1.763382    0.024131  0.022057  0.002074 
 1.778389    0.024595  0.022533  0.002062 
 1.793397    0.025076  0.023025  0.002051 
 1.808404    0.025574  0.023535  0.002039 
 1.823412    0.026090  0.024063  0.002028 
 1.838419    0.026626  0.024610  0.002017 
 1.853427    0.027182  0.025176  0.002005 
 1.868434    0.027759  0.025764  0.001994 
 1.883442    0.028358  0.026374  0.001983 
 1.898449    0.028980  0.027008  0.001973 
 1.913457    0.029627  0.027665  0.001962 
 1.928464    0.030300  0.028349  0.001951 
 1.943472    0.031000  0.029060  0.001940 
 1.958479    0.031730  0.029800  0.001930 
 1.973487    0.032489  0.030570  0.001919 
 1.988494    0.033281  0.031372  0.001909 
 2.003502    0.034107  0.032208  0.001899 
 2.018509    0.034969  0.033080  0.001889 
 2.033517    0.035869  0.033990  0.001879 
 2.048524    0.036810  0.034941  0.001869 
 2.063532    0.037794  0.035935  0.001859 
 2.078539    0.038823  0.036974  0.001849 
 2.093547    0.039901  0.038062  0.001839 
 2.108554    0.041031  0.039202  0.001829 
 2.123562    0.042217  0.040397  0.001820 
 2.138569    0.043461  0.041651  0.001810 
 2.153577    0.044768  0.042968  0.001801 
 2.168584    0.046143  0.044352  0.001791 
 2.183592    0.047590  0.045808  0.001782 
 2.198599    0.049114  0.047341  0.001773 
 2.213607    0.050722  0.048958  0.001764 
 2.228614    0.052418  0.050664  0.001754 
 2.243622    0.054211  0.052466  0.001745 
 2.258629    0.056108  0.054372  0.001736 
 2.273637    0.058117  0.056389  0.001728 
 2.288644    0.060246  0.058528  0.001719 
 2.303652    0.062507  0.060797  0.001710 
 2.318659    0.064911  0.063209  0.001701 
 2.333667    0.067469  0.065776  0.001693 
 2.348674    0.070195  0.068511  0.001684 
 2.363682    0.073106  0.071430  0.001676 
 2.378689    0.076217  0.074549  0.001667 
 2.393697    0.079548  0.077889  0.001659 
 2.408704    0.083120  0.081469  0.001651 
 2.423712    0.086958  0.085315  0.001642 
 2.438719    0.091088  0.089454  0.001634 
 2.453727    0.095542  0.093915  0.001626 
 2.468734    0.100354  0.098735  0.001618 
 2.483742    0.105563  0.103953  0.001610 
 2.498749    0.111216  0.109614  0.001602 
 2.513757    0.117364  0.115770  0.001594 
 2.528764    0.124066  0.122480  0.001587 
 2.543772    0.131392  0.129813  0.001579 
 2.558779    0.139419  0.137848  0.001571 
 2.573787    0.148242  0.146678  0.001564 
 2.588794    0.157967  0.156411  0.001556 
 2.603802    0.168720  0.167172  0.001548 
 2.618809    0.180651  0.179110  0.001541 
 2.633817    0.193934  0.192400  0.001534 
 2.648824    0.208777  0.207251  0.001526 
 2.663832    0.225431  0.223912  0.001519 
 2.678839    0.244193  0.242681  0.001512 
 2.693847    0.265423  0.263918  0.001505 
 2.708854    0.289557  0.288060  0.001497 
 2.723862    0.317126  0.315636  0.001490 
 2.738869    0.348781  0.347298  0.001483 
 2.753877    0.385319  0.383843  0.001476 
 2.768884    0.427726  0.426256  0.001469 
 2.783892    0.477218  0.475755  0.001462 
 2.798899    0.535300  0.533845  0.001456 
 2.813907    0.603828  0.602379  0.001449 
 2.828914    0.685069  0.683627  0.001442 
 2.843922    0.781750  0.780315  0.001435 
 2.858929    0.897049  0.895620  0.001429 
 2.873937    1.034446  1.033024  0.001422 
 2.888944    1.197307  1.195891  0.001416 
 2.903952    1.387932  1.386523  0.001409 
 2.918959    1.605756  1.604353  0.001403 
 2.933967    1.844442  1.843045  0.001396 
 2.948974    2.088238  2.086848  0.001390 
 2.963982    2.309536  2.308152  0.001384 
 2.978989    2.471588  2.470211  0.001377 
 2.993997    2.539682  2.538311  0.001371 
 3.009005    2.497225  2.495861  0.001365 
 3.024012    2.354985  2.353626  0.001359 
 3.039020    2.144986  2.143633  0.001353 
 3.054027    1.904798  1.903451  0.001346 
 3.069035    1.664591  1.663251  0.001340 
 3.084042    1.442678  1.441343  0.001334 
 3.099050    1.247189  1.245861  0.001328 
 3.114057    1.079696  1.078374  0.001323 
 3.129065    0.938351  0.937035  0.001317 
 3.144072    0.819926  0.818615  0.001311 
 3.159080    0.720917  0.719612  0.001305 
 3.174087    0.638065  0.636766  0.001299 
 3.189095    0.568543  0.567249  0.001294 
 3.204102    0.509987  0.508699  0.001288 
 3.219110    0.460462  0.459180  0.001282 
 3.234117    0.418395  0.417118  0.001277 
 3.249125    0.382516  0.381244  0.001271 
 3.264132    0.351799  0.350533  0.001266 
 3.279140    0.325415  0.324155  0.001260 
 3.294147    0.302692  0.301438  0.001255 
 3.309155    0.283084  0.281834  0.001249 
 3.324162    0.266144  0.264900  0.001244 
 3.339170    0.251507  0.250268  0.001239 
 3.354177    0.238874  0.237641  0.001233 
 3.369185    0.227999  0.226771  0.001228 
 3.384192    0.218679  0.217456  0.001223 
 3.399200    0.210748  0.209531  0.001218 
 3.414207    0.204070  0.202858  0.001212 
 3.429215    0.198534  0.197326  0.001207 
 3.444222    0.194049  0.192847  0.001202 
 3.459230    0.190546  0.189349  0.001197 
 3.474237    0.187971  0.186779  0.001192 
 3.489245    0.186283  0.185096  0.001187 
 3.504252    0.185458  0.184276  0.001182 
 3.519260    0.185483  0.184306  0.001177 
 3.534267    0.186358  0.185186  0.001172 
 3.549275    0.188096  0.186929  0.001167 
 3.564282    0.190721  0.189559  0.001162 
 3.579290    0.194273  0.193115  0.001158 
 3.594297    0.198806  0.197653  0.001153 
 3.609305    0.204390  0.203242  0.001148 
 3.624312    0.211114  0.209971  0.001143 
 3.639320    0.219089  0.217950  0.001139 
 3.654327    0.228450  0.227316  0.001134 
 3.669335    0.239364  0.238235  0.001129 
 3.684342    0.252032  0.250908  0.001125 
 3.699350    0.266699  0.265579  0.001120 
 3.714357    0.283663  0.282548  0.001116 
 3.729365    0.303287  0.302176  0.001111 
 3.744372    0.326015  0.324909  0.001106 
 3.759380    0.352390  0.351288  0.001102 
 3.774387    0.383080  0.381983  0.001098 
 3.789395    0.418910  0.417817  0.001093 
 3.804402    0.460899  0.459810  0.001089 
 3.819410    0.510309  0.509225  0.001084 
 3.834417    0.568702  0.567622  0.001080 
 3.849425    0.638004  0.636928  0.001076 
 3.864432    0.720566  0.719494  0.001071 
 3.879440    0.819204  0.818137  0.001067 
 3.894447    0.937177  0.936114  0.001063 
 3.909455    1.078007  1.076948  0.001059 
 3.924462    1.244982  1.243927  0.001055 
 3.939470    1.440093  1.439042  0.001050 
 3.954477    1.662044  1.660997  0.001046 
 3.969485    1.903151  1.902109  0.001042 
 3.984492    2.145687  2.144649  0.001038 
 3.999500    2.359956  2.358922  0.001034 
 4.014507    2.508308  2.507278  0.001030 
 4.029515    2.557698  2.556672  0.001026 
 4.044522    2.495683  2.494661  0.001022 
 4.059530    2.337434  2.336415  0.001018 
 4.074537    2.117249  2.116235  0.001014 
 4.089545    1.872395  1.871385  0.001010 
 4.104552    1.631361  1.630355  0.001006 
 4.119560    1.410678  1.409676  0.001002 
 4.134567    1.217185  1.216187  0.000999 
 4.149575    1.051707  1.050713  0.000995 
 4.164582    0.912040  0.911049  0.000991 
 4.179590    0.794829  0.793842  0.000987 
 4.194597    0.696559  0.695576  0.000983 
 4.209605    0.614010  0.613030  0.000980 
 4.224612    0.544408  0.543432  0.000976 
 4.239620    0.485445  0.484473  0.000972 
 4.254627    0.435230  0.434262  0.000969 
 4.269635    0.392230  0.391265  0.000965 
 4.284642    0.355204  0.354243  0.000961 
 4.299650    0.323148  0.322191  0.000958 
 4.314657    0.295249  0.294295  0.000954 
 4.329665    0.270845  0.269894  0.000950 
 4.344672    0.249394  0.248447  0.000947 
 4.359680    0.230453  0.229510  0.000943 
 4.374687    0.213656  0.212716  0.000940 
 4.389695    0.198699  0.197762  0.000936 
 4.404702    0.185328  0.184395  0.000933 
 4.419710    0.173332  0.172403  0.000929 
 4.434717    0.162533  0.161607  0.000926 
 4.449725    0.152780  0.151858  0.000923 
 4.464732    0.143945  0.143026  0.000919 
 4.479740    0.135918  0.135002  0.000916 
 4.494747    0.128606  0.127693  0.000912 
 4.509755    0.121928  0.121019  0.000909 
 4.524762    0.115815  0.114910  0.000906 
 4.539770    0.110207  0.109305  0.000902 
 4.554777    0.105051  0.104152  0.000899 
 4.569785    0.100301  0.099405  0.000896 
 4.584792    0.095918  0.095025  0.000893 
 4.599800    0.091866  0.090977  0.000889 
 4.614807    0.088114  0.087228  0.000886 
 4.629815    0.084635  0.083752  0.000883 
 4.644822    0.081405  0.080525  0.000880 
 4.659830    0.078401  0.077525  0.000877 
 4.674837    0.075606  0.074733  0.000874 
 4.689845    0.073002  0.072131  0.000870 
 4.704852    0.070573  0.069706  0.000867 
 4.719860    0.068307  0.067442  0.000864 
 4.734867    0.066190  0.065329  0.000861 
 4.749875    0.064212  0.063354  0.000858 
 4.764882    0.062363  0.061508  0.000855 
 4.779890    0.060634  0.059782  0.000852 
 4.794897    0.059017  0.058168  0.000849 
 4.809905    0.057506  0.056660  0.000846 
 4.824912    0.056092  0.055249  0.000843 
 4.839920    0.054771  0.053931  0.000840 
 4.854927    0.053538  0.052701  0.000837 
 4.869935    0.052387  0.051552  0.000834 
 4.884942    0.051314  0.050482  0.000831 
 4.899950    0.050315  0.049487  0.000828 
 4.914957    0.049388  0.048562  0.000826 
 4.929965    0.048528  0.047705  0.000823 
 4.944972    0.047734  0.046914  0.000820 
 4.959980    0.047002  0.046185  0.000817 
 4.974987    0.046331  0.045517  0.000814 
 4.989995    0.045719  0.044908  0.000811 
 5.005003    0.045165  0.044356  0.000809 
 5.020010    0.044667  0.043861  0.000806 
 5.035018    0.044224  0.043421  0.000803 
 5.050025    0.043836  0.043036  0.000800 
 5.065033    0.043502  0.042705  0.000797 
 5.080040    0.043223  0.042428  0.000795 
 5.095048    0.042997  0.042205  0.000792 
 5.110055    0.042826  0.042037  0.000789 
 5.125063    0.042710  0.041924  0.000787 
 5.140070    0.042651  0.041867  0.000784 
 5.155078    0.042649  0.041867  0.000781 
 5.170085    0.042706  0.041927  0.000779 
 5.185093    0.042824  0.042048  0.000776 
 5.200100    0.043005  0.042232  0.000773 
 5.215108    0.043253  0.042483  0.000771 
 5.230115    0.043571  0.042803  0.000768 
 5.245123    0.043963  0.043197  0.000766 
 5.260130    0.044432  0.043669  0.000763 
 5.275138    0.044985  0.044224  0.000761 
 5.290145    0.045627  0.044869  0.000758 
 5.305153    0.046365  0.045610  0.000756 
 5.320160    0.047207  0.046454  0.000753 
 5.335168    0.048163  0.047412  0.000751 
 5.350175    0.049241  0.048493  0.000748 
 5.365183    0.050456  0.049710  0.000746 
 5.380190    0.051820  0.051077  0.000743 
 5.395198    0.053349  0.052608  0.000741 
 5.410205    0.055063  0.054324  0.000738 
 5.425213    0.056982  0.056246  0.000736 
 5.440220    0.059132  0.058399  0.000733 
 5.455228    0.061543  0.060812  0.000731 
 5.470235    0.064249  0.063521  0.000729 
 5.485243    0.067292  0.066566  0.000726 
 5.500250    0.070720  0.069996  0.000724 
 5.515258    0.074591  0.073870  0.000722 
 5.530265    0.078975  0.078256  0.000719 
 5.545273    0.083955  0.083238  0.000717 
 5.560280    0.089631  0.088917  0.000715 
 5.575288    0.096127  0.095415  0.000712 
 5.590295    0.103591  0.102881  0.000710 
 5.605303    0.112207  0.111499  0.000708 
 5.620310    0.122200  0.121494  0.000705 
 5.635318    0.133847  0.133144  0.000703 
 5.650325    0.147493  0.146792  0.000701 
 5.665333    0.163562  0.162863  0.000699 
 5.680340    0.182575  0.181879  0.000696 
 5.695348    0.205169  0.204475  0.000694 
 5.710355    0.232098  0.231406  0.000692 
 5.725363    0.264224  0.263534  0.000690 
 5.740370    0.302458  0.301770  0.000688 
 5.755378    0.347603  0.346917  0.000685 
 5.770385    0.400030  0.399347  0.000683 
 5.785393    0.459108  0.458427  0.000681 
 5.800400    0.522338  0.521659  0.000679 
 5.815408    0.584449  0.583772  0.000677 
 5.830415    0.637154  0.636479  0.000675 
 5.845423    0.670683  0.670010  0.000673 
 5.860430    0.677440  0.676770  0.000670 
 5.875438    0.655878  0.655210  0.000668 
 5.890445    0.611382  0.610716  0.000666 
 5.905453    0.553334  0.552670  0.000664 
 5.920460    0.490988  0.490326  0.000662 
 5.935468    0.430962  0.430302  0.000660 
 5.950475    0.376855  0.376197  0.000658 
 5.965483    0.329991  0.329335  0.000656 
 5.980490    0.290352  0.289698  0.000654 
 5.995498    0.257279  0.256627  0.000652 
 6.010505    0.229898  0.229248  0.000650 
 6.025513    0.207331  0.206683  0.000648 
 6.040520    0.188793  0.188147  0.000646 
 6.055528    0.173621  0.172977  0.000644 
 6.070535    0.161271  0.160629  0.000642 
 6.085543    0.151310  0.150670  0.000640 
 6.100550    0.143394  0.142756  0.000638 
 6.115558    0.137260  0.136624  0.000636 
 6.130565    0.132710  0.132075  0.000634 
 6.145573    0.129599  0.128966  0.000632 
 6.160580    0.127831  0.127200  0.000630 
 6.175588    0.127353  0.126725  0.000629 
 6.190595    0.128154  0.127527  0.000627 
 6.205603    0.130257  0.129633  0.000625 
 6.220610    0.133733  0.133110  0.000623 
 6.235618    0.138690  0.138069  0.000621 
 6.250625    0.145291  0.144672  0.000619 
 6.265633    0.153755  0.153138  0.000617 
 6.280640    0.164371  0.163755  0.000615 
 6.295648    0.177509  0.176895  0.000614 
 6.310655    0.193638  0.193027  0.000612 
 6.325663    0.213343  0.212733  0.000610 
 6.340670    0.237330  0.236722  0.000608 
 6.355678    0.266431  0.265825  0.000606 
 6.370685    0.301556  0.300952  0.000604 
 6.385693    0.343579  0.342976  0.000603 
 6.400700    0.393078  0.392477  0.000601 
 6.415708    0.449847  0.449248  0.000599 
 6.430715    0.512113  0.511515  0.000597 
 6.445723    0.575563  0.574967  0.000596 
 6.460730    0.632737  0.632143  0.000594 
 6.475738    0.673824  0.673232  0.000592 
 6.490745    0.689720  0.689130  0.000590 
 6.505753    0.676295  0.675706  0.000589 
 6.520760    0.636693  0.636106  0.000587 
 6.535768    0.579557  0.578972  0.000585 
 6.550775    0.514826  0.514243  0.000584 
 6.565783    0.450381  0.449799  0.000582 
 6.580790    0.390950  0.390370  0.000580 
 6.595798    0.338596  0.338017  0.000578 
 6.610805    0.293681  0.293104  0.000577 
 6.625813    0.255688  0.255112  0.000575 
 6.640820    0.223749  0.223176  0.000573 
 6.655828    0.196935  0.196363  0.000572 
 6.670835    0.174381  0.173810  0.000570 
 6.685843    0.155339  0.154770  0.000569 
 6.700850    0.139185  0.138618  0.000567 
 6.715858    0.125407  0.124841  0.000565 
 6.730865    0.113588  0.113024  0.000564 
 6.745873    0.103393  0.102831  0.000562 
 6.760880    0.094548  0.093988  0.000560 
 6.775888    0.086833  0.086275  0.000559 
 6.790895    0.080069  0.079512  0.000557 
 6.805903    0.074108  0.073552  0.000556 
 6.820910    0.068829  0.068275  0.000554 
 6.835918    0.064135  0.063582  0.000553 
 6.850925    0.059941  0.059390  0.000551 
 6.865933    0.056180  0.055630  0.000549 
 6.880940    0.052793  0.052245  0.000548 
 6.895948    0.049733  0.049187  0.000546 
 6.910955    0.046959  0.046414  0.000545 
 6.925963    0.044435  0.043892  0.000543 
 6.940970    0.042132  0.041590  0.000542 
 6.955978    0.040025  0.039485  0.000540 
 6.970985    0.038091  0.037553  0.000539 
 6.985993    0.036312  0.035775  0.000537 
 7.001001    0.034671  0.034136  0.000536 
 7.016008    0.033154  0.032620  0.000534 
 7.031016    0.031749  0.031216  0.000533 
 7.046023    0.030444  0.029913  0.000531 
 7.061031    0.029230  0.028700  0.000530 
 7.076038    0.028098  0.027569  0.000528 
 7.091046    0.027040  0.026513  0.000527 
 7.106053    0.026051  0.025526  0.000525 
 7.121061    0.025124  0.024600  0.000524 
 7.136068    0.024254  0.023731  0.000522 
 7.151076    0.023436  0.022915  0.000521 
 7.166083    0.022665  0.022146  0.000520 
 7.181091    0.021939  0.021421  0.000518 
 7.196098    0.021253  0.020736  0.000517 
 7.211106    0.020605  0.020089  0.000515 
 7.226113    0.019991  0.019477  0.000514 
 7.241121    0.019409  0.018897  0.000513 
 7.256128    0.018858  0.018346  0.000511 
 7.271136    0.018333  0.017824  0.000510 
 7.286143    0.017835  0.017326  0.000508 
 7.301151    0.017360  0.016853  0.000507 
 7.316158    0.016908  0.016403  0.000506 
 7.331166    0.016477  0.015973  0.000504 
 7.346173    0.016065  0.015562  0.000503 
 7.361181    0.015672  0.015170  0.000502 
 7.376188    0.015296  0.014796  0.000500 
 7.391196    0.014936  0.014437  0.000499 
 7.406203    0.014591  0.014093  0.000497 
 7.421211    0.014260  0.013764  0.000496 
 7.436218    0.013943  0.013448  0.000495 
 7.451226    0.013638  0.013145  0.000494 
 7.466233    0.013346  0.012854  0.000492 
 7.481241    0.013065  0.012574  0.000491 
 7.496248    0.012794  0.012304  0.000490 
 7.511256    0.012533  0.012045  0.000488 
 7.526263    0.012283  0.011796  0.000487 
 7.541271    0.012041  0.011555  0.000486 
 7.556278    0.011807  0.011323  0.000484 
 7.571286    0.011582  0.011099  0.000483 
 7.586293    0.011365  0.010883  0.000482 
 7.601301    0.011155  0.010674  0.000481 
 7.616308    0.010952  0.010473  0.000479 
 7.631316    0.010756  0.010278  0.000478 
 7.646323    0.010566  0.010089  0.000477 
 7.661331    0.010382  0.009906  0.000476 
 7.676338    0.010204  0.009730  0.000474 
 7.691346    0.010031  0.009558  0.000473 
 7.706353    0.009864  0.009392  0.000472 
 7.721361    0.009702  0.009231  0.000471 
 7.736368    0.009545  0.009075  0.000469 
 7.751376    0.009392  0.008924  0.000468 
 7.766383    0.009244  0.008777  0.000467 
 7.781391    0.009100  0.008634  0.000466 
 7.796398    0.008960  0.008495  0.000464 
 7.811406    0.008824  0.008361  0.000463 
 7.826413    0.008692  0.008230  0.000462 
 7.841421    0.008563  0.008102  0.000461 
 7.856428    0.008438  0.007978  0.000460 
 7.871436    0.008316  0.007857  0.000459 
 7.886443    0.008197  0.007740  0.000457 
 7.901451    0.008082  0.007625  0.000456 
 7.916458    0.007969  0.007514  0.000455 
 7.931466    0.007859  0.007405  0.000454 
 7.946473    0.007752  0.007299  0.000453 
 7.961481    0.007648  0.007196  0.000452 
 7.976488    0.007546  0.007095  0.000450 
 7.991496    0.007446  0.006997  0.000449 
 8.006503    0.007349  0.006901  0.000448 
 8.021511    0.007255  0.006808  0.000447 
 8.036518    0.007162  0.006716  0.000446 
 8.051526    0.007072  0.006627  0.000445 
 8.066533    0.006983  0.006540  0.000444 
 8.081541    0.006897  0.006455  0.000442 
 8.096548    0.006813  0.006371  0.000441 
 8.111556    0.006730  0.006290  0.000440 
 8.126563    0.006649  0.006210  0.000439 
 8.141571    0.006570  0.006132  0.000438 
 8.156578    0.006493  0.006056  0.000437 
 8.171586    0.006417  0.005982  0.000436 
 8.186593    0.006343  0.005909  0.000435 
 8.201601    0.006271  0.005837  0.000434 
 8.216608    0.006200  0.005767  0.000433 
 8.231616    0.006130  0.005699  0.000431 
 8.246623    0.006062  0.005632  0.000430 
 8.261631    0.005995  0.005566  0.000429 
 8.276638    0.005930  0.005502  0.000428 
 8.291646    0.005866  0.005439  0.000427 
 8.306653    0.005803  0.005377  0.000426 
 8.321661    0.005741  0.005316  0.000425 
 8.336668    0.005681  0.005257  0.000424 
 8.351676    0.005621  0.005198  0.000423 
 8.366683    0.005563  0.005141  0.000422 
 8.381691    0.005506  0.005085  0.000421 
 8.396698    0.005450  0.005030  0.000420 
 8.411706    0.005395  0.004976  0.000419 
 8.426713    0.005341  0.004923  0.000418 
 8.441721    0.005287  0.004871  0.000417 
 8.456728    0.005235  0.004820  0.000416 
 8.471736    0.005184  0.004769  0.000415 
 8.486743    0.005134  0.004720  0.000414 
 8.501751    0.005084  0.004671  0.000413 
 8.516758    0.005036  0.004624  0.000412 
 8.531766    0.004988  0.004577  0.000411 
 8.546773    0.004941  0.004531  0.000410 
 8.561781    0.004895  0.004486  0.000409 
 8.576788    0.004849  0.004441  0.000408 
 8.591796    0.004804  0.004398  0.000407 
 8.606803    0.004760  0.004355  0.000406 
 8.621811    0.004717  0.004313  0.000405 
 8.636818    0.004675  0.004271  0.000404 
 8.651826    0.004633  0.004230  0.000403 
 8.666833    0.004592  0.004190  0.000402 
 8.681841    0.004551  0.004150  0.000401 
 8.696848    0.004511  0.004111  0.000400 
 8.711856    0.004472  0.004073  0.000399 
 8.726863    0.004433  0.004035  0.000398 
 8.741871    0.004395  0.003998  0.000397 
 8.756878    0.004358  0.003962  0.000396 
 8.771886    0.004321  0.003926  0.000395 
 8.786893    0.004284  0.003890  0.000394 
 8.801901    0.004249  0.003855  0.000393 
 8.816908    0.004213  0.003821  0.000392 
 8.831916    0.004179  0.003787  0.000391 
 8.846923    0.004144  0.003754  0.000390 
 8.861931    0.004111  0.003721  0.000390 
 8.876938    0.004077  0.003689  0.000389 
 8.891946    0.004044  0.003657  0.000388 
 8.906953    0.004012  0.003625  0.000387 
 8.921961    0.003980  0.003594  0.000386 
 8.936968    0.003949  0.003564  0.000385 
 8.951976    0.003918  0.003534  0.000384 
 8.966983    0.003887  0.003504  0.000383 
 8.981991    0.003857  0.003475  0.000382 
 8.996998    0.003827  0.003446  0.000381 
 9.012006    0.003798  0.003418  0.000380 
 9.027014    0.003769  0.003389  0.000380 
 9.042021    0.003740  0.003362  0.000379 
 9.057029    0.003712  0.003335  0.000378 
 9.072036    0.003684  0.003308  0.000377 
 9.087044    0.003657  0.003281  0.000376 
 9.102051    0.003630  0.003255  0.000375 
 9.117059    0.003603  0.003229  0.000374 
 9.132066    0.003577  0.003203  0.000373 
 9.147074    0.003551  0.003178  0.000373 
 9.162081    0.003525  0.003153  0.000372 
 9.177089    0.003500  0.003129  0.000371 
 9.192096    0.003475  0.003105  0.000370 
 9.207104    0.003450  0.003081  0.000369 
 9.222111    0.003425  0.003057  0.000368 
 9.237119    0.003401  0.003034  0.000367 
 9.252126    0.003377  0.003011  0.000367 
 9.267134    0.003354  0.002988  0.000366 
 9.282141    0.003331  0.002966  0.000365 
 9.297149    0.003308  0.002944  0.000364 
 9.312156    0.003285  0.002922  0.000363 
 9.327164    0.003263  0.002900  0.000362 
 9.342171    0.003240  0.002879  0.000362 
 9.357179    0.003218  0.002858  0.000361 
 9.372186    0.003197  0.002837  0.000360 
 9.387194    0.003175  0.002816  0.000359 
 9.402201    0.003154  0.002796  0.000358 
 9.417209    0.003133  0.002776  0.000357 
 9.432216    0.003113  0.002756  0.000357 
 9.447224    0.003092  0.002736  0.000356 
 9.462231    0.003072  0.002717  0.000355 
 9.477239    0.003052  0.002698  0.000354 
 9.492246    0.003032  0.002679  0.000353 
 9.507254    0.003013  0.002660  0.000353 
 9.522261    0.002994  0.002642  0.000352 
 9.537269    0.002975  0.002623  0.000351 
 9.552276    0.002956  0.002605  0.000350 
 9.567284    0.002937  0.002587  0.000349 
 9.582291    0.002919  0.002570  0.000349 
 9.597299    0.002900  0.002552  0.000348 
 9.612306    0.002882  0.002535  0.000347 
 9.627314    0.002864  0.002518  0.000346 
 9.642321    0.002847  0.002501  0.000346 
 9.657329    0.002829  0.002484  0.000345 
 9.672336    0.002812  0.002468  0.000344 
 9.687344    0.002795  0.002452  0.000343 
 9.702351    0.002778  0.002435  0.000343 
 9.717359    0.002761  0.002419  0.000342 
 9.732366    0.002745  0.002404  0.000341 
 9.747374    0.002728  0.002388  0.000340 
 9.762381    0.002712  0.002372  0.000340 
 9.777389    0.002696  0.002357  0.000339 
 9.792396    0.002680  0.002342  0.000338 
 9.807404    0.002664  0.002327  0.000337 
 9.822411    0.002649  0.002312  0.000337 
 9.837419    0.002633  0.002297  0.000336 
 9.852426    0.002618  0.002283  0.000335 
 9.867434    0.002603  0.002268  0.000334 
 9.882441    0.002588  0.002254  0.000334 
 9.897449    0.002573  0.002240  0.000333 
 9.912456    0.002558  0.002226  0.000332 
 9.927464    0.002544  0.002212  0.000331 
 9.942471    0.002529  0.002199  0.000331 
 9.957479    0.002515  0.002185  0.000330 
 9.972486    0.002501  0.002172  0.000329 
 9.987494    0.002487  0.002159  0.000329 
 10.002501    0.002473  0.002146  0.000328 
 10.017509    0.002460  0.002133  0.000327 
 10.032516    0.002446  0.002120  0.000326 
 10.047524    0.002433  0.002107  0.000326 
 10.062531    0.002419  0.002094  0.000325 
 10.077539    0.002406  0.002082  0.000324 
 10.092546    0.002393  0.002070  0.000324 
 10.107554    0.002380  0.002057  0.000323 
 10.122561    0.002367  0.002045  0.000322 
 10.137569    0.002355  0.002033  0.000321 
 10.152576    0.002342  0.002021  0.000321 
 10.167584    0.002330  0.002010  0.000320 
 10.182591    0.002317  0.001998  0.000319 
 10.197599    0.002305  0.001986  0.000319 
 10.212606    0.002293  0.001975  0.000318 
 10.227614    0.002281  0.001964  0.000317 
 10.242621    0.002269  0.001952  0.000317 
 10.257629    0.002257  0.001941  0.000316 
 10.272636    0.002246  0.001930  0.000315 
 10.287644    0.002234  0.001919  0.000315 
 10.302651    0.002223  0.001909  0.000314 
 10.317659    0.002211  0.001898  0.000313 
 10.332666    0.002200  0.001887  0.000313 
 10.347674    0.002189  0.001877  0.000312 
 10.362681    0.002178  0.001867  0.000311 
 10.377689    0.002167  0.001856  0.000311 
 10.392696    0.002156  0.001846  0.000310 
 10.407704    0.002145  0.001836  0.000309 
 10.422711    0.002135  0.001826  0.000309 
 10.437719    0.002124  0.001816  0.000308 
 10.452726    0.002114  0.001806  0.000307 
 10.467734    0.002103  0.001796  0.000307 
 10.482741    0.002093  0.001787  0.000306 
 10.497749    0.002083  0.001777  0.000306 
 10.512756    0.002073  0.001768  0.000305 
 10.527764    0.002063  0.001758  0.000304 
 10.542771    0.002053  0.001749  0.000304 
 10.557779    0.002043  0.001740  0.000303 
 10.572786    0.002033  0.001731  0.000302 
 10.587794    0.002023  0.001722  0.000302 
 10.602801    0.002014  0.001713  0.000301 
 10.617809    0.002004  0.001704  0.000300 
 10.632816    0.001995  0.001695  0.000300 
 10.647824    0.001985  0.001686  0.000299 
 10.662831    0.001976  0.001678  0.000299 
 10.677839    0.001967  0.001669  0.000298 
 10.692846    0.001958  0.001661  0.000297 
 10.707854    0.001949  0.001652  0.000297 
 10.722861    0.001940  0.001644  0.000296 
 10.737869    0.001931  0.001636  0.000296 
 10.752876    0.001922  0.001627  0.000295 
 10.767884    0.001914  0.001619  0.000294 
 10.782891    0.001905  0.001611  0.000294 
 10.797899    0.001896  0.001603  0.000293 
 10.812906    0.001888  0.001595  0.000292 
 10.827914    0.001880  0.001588  0.000292 
 10.842921    0.001871  0.001580  0.000291 
 10.857929    0.001863  0.001572  0.000291 
 10.872936    0.001855  0.001565  0.000290 
 10.887944    0.001847  0.001557  0.000290 
 10.902951    0.001839  0.001550  0.000289 
 10.917959    0.001831  0.001542  0.000288 
 10.932966    0.001823  0.001535  0.000288 
 10.947974    0.001815  0.001528  0.000287 
 10.962981    0.001807  0.001521  0.000287 
 10.977989    0.001799  0.001513  0.000286 
 10.992996    0.001792  0.001506  0.000285 
 11.008004    0.001784  0.001500  0.000285 
 11.023012    0.001777  0.001493  0.000284 
 11.038019    0.001770  0.001486  0.000284 
 11.053027    0.001762  0.001479  0.000283 
 11.068034    0.001755  0.001472  0.000283 
 11.083042    0.001748  0.001466  0.000282 
 11.098049    0.001741  0.001459  0.000281 
 11.113057    0.001734  0.001453  0.000281 
 11.128064    0.001727  0.001446  0.000280 
 11.143072    0.001720  0.001440  0.000280 
 11.158079    0.001713  0.001434  0.000279 
 11.173087    0.001706  0.001428  0.000279 
 11.188094    0.001700  0.001422  0.000278 
 11.203102    0.001693  0.001416  0.000278 
 11.218109    0.001687  0.001410  0.000277 
 11.233117    0.001680  0.001404  0.000276 
 11.248124    0.001674  0.001398  0.000276 
 11.263132    0.001668  0.001392  0.000275 
 11.278139    0.001662  0.001387  0.000275 
 11.293147    0.001656  0.001381  0.000274 
 11.308154    0.001650  0.001376  0.000274 
 11.323162    0.001644  0.001371  0.000273 
 11.338169    0.001638  0.001365  0.000273 
 11.353177    0.001632  0.001360  0.000272 
 11.368184    0.001627  0.001355  0.000272 
 11.383192    0.001621  0.001350  0.000271 
 11.398199    0.001616  0.001345  0.000270 
 11.413207    0.001610  0.001341  0.000270 
 11.428214    0.001605  0.001336  0.000269 
 11.443222    0.001600  0.001331  0.000269 
 11.458229    0.001595  0.001327  0.000268 
 11.473237    0.001591  0.001323  0.000268 
 11.488244    0.001586  0.001319  0.000267 
 11.503252    0.001581  0.001315  0.000267 
 11.518259    0.001577  0.001311  0.000266 
 11.533267    0.001573  0.001307  0.000266 
 11.548274    0.001569  0.001304  0.000265 
 11.563282    0.001565  0.001301  0.000265 
 11.578289    0.001562  0.001298  0.000264 
 11.593297    0.001558  0.001295  0.000264 
 11.608304    0.001555  0.001292  0.000263 
 11.623312    0.001553  0.001290  0.000263 
 11.638319    0.001550  0.001288  0.000262 
 11.653327    0.001548  0.001286  0.000262 
 11.668334    0.001546  0.001285  0.000261 
 11.683342    0.001544  0.001284  0.000261 
 11.698349    0.001543  0.001283  0.000260 
 11.713357    0.001543  0.001283  0.000260 
 11.728364    0.001543  0.001284  0.000259 
 11.743372    0.001544  0.001285  0.000259 
 11.758379    0.001545  0.001287  0.000258 
 11.773387    0.001547  0.001289  0.000258 
 11.788394    0.001550  0.001293  0.000257 
 11.803402    0.001554  0.001297  0.000257 
 11.818409    0.001559  0.001303  0.000256 
 11.833417    0.001566  0.001310  0.000256 
 11.848424    0.001574  0.001319  0.000255 
 11.863432    0.001584  0.001329  0.000255 
 11.878439    0.001596  0.001342  0.000254 
 11.893447    0.001611  0.001357  0.000254 
 11.908454    0.001629  0.001375  0.000253 
 11.923462    0.001650  0.001397  0.000253 
 11.938469    0.001676  0.001424  0.000252 
 11.953477    0.001708  0.001456  0.000252 
 11.968484    0.001746  0.001495  0.000251 
 11.983492    0.001792  0.001541  0.000251 
 11.998499    0.001848  0.001598  0.000250 
 12.013507    0.001916  0.001666  0.000250 
 12.028514    0.001997  0.001748  0.000249 
 12.043522    0.002095  0.001846  0.000249 
 12.058529    0.002210  0.001961  0.000248 
 12.073537    0.002341  0.002093  0.000248 
 12.088544    0.002484  0.002237  0.000248 
 12.103552    0.002629  0.002382  0.000247 
 12.118559    0.002759  0.002512  0.000247 
 12.133567    0.002849  0.002603  0.000246 
 12.148574    0.002880  0.002635  0.000246 
 12.163582    0.002843  0.002598  0.000245 
 12.178589    0.002747  0.002503  0.000245 
 12.193597    0.002612  0.002368  0.000244 
 12.208604    0.002461  0.002217  0.000244 
 12.223612    0.002311  0.002068  0.000243 
 12.238619    0.002174  0.001931  0.000243 
 12.253627    0.002053  0.001810  0.000242 
 12.268634    0.001949  0.001707  0.000242 
 12.283642    0.001862  0.001620  0.000242 
 12.298649    0.001789  0.001548  0.000241 
 12.313657    0.001727  0.001487  0.000241 
 12.328664    0.001676  0.001436  0.000240 
 12.343672    0.001633  0.001394  0.000240 
 12.358679    0.001598  0.001358  0.000239 
 12.373687    0.001568  0.001329  0.000239 
 12.388694    0.001543  0.001304  0.000238 
 12.403702    0.001522  0.001284  0.000238 
 12.418709    0.001506  0.001268  0.000238 
 12.433717    0.001492  0.001255  0.000237 
 12.448724    0.001482  0.001245  0.000237 
 12.463732    0.001475  0.001239  0.000236 
 12.478739    0.001470  0.001235  0.000236 
 12.493747    0.001469  0.001234  0.000235 
 12.508754    0.001470  0.001236  0.000235 
 12.523762    0.001475  0.001241  0.000235 
 12.538769    0.001483  0.001249  0.000234 
 12.553777    0.001495  0.001262  0.000234 
 12.568784    0.001512  0.001279  0.000233 
 12.583792    0.001533  0.001301  0.000233 
 12.598799    0.001561  0.001329  0.000232 
 12.613807    0.001596  0.001364  0.000232 
 12.628814    0.001640  0.001408  0.000232 
 12.643822    0.001693  0.001462  0.000231 
 12.658829    0.001759  0.001529  0.000231 
 12.673837    0.001839  0.001609  0.000230 
 12.688844    0.001935  0.001705  0.000230 
 12.703852    0.002046  0.001817  0.000229 
 12.718859    0.002171  0.001942  0.000229 
 12.733867    0.002301  0.002073  0.000229 
 12.748874    0.002424  0.002196  0.000228 
 12.763882    0.002519  0.002291  0.000228 
 12.778889    0.002566  0.002338  0.000227 
 12.793897    0.002552  0.002325  0.000227 
 12.808904    0.002479  0.002252  0.000227 
 12.823912    0.002363  0.002137  0.000226 
 12.838919    0.002226  0.002000  0.000226 
 12.853927    0.002085  0.001860  0.000225 
 12.868934    0.001952  0.001727  0.000225 
 12.883942    0.001834  0.001609  0.000225 
 12.898949    0.001731  0.001507  0.000224 
 12.913957    0.001643  0.001420  0.000224 
 12.928964    0.001569  0.001346  0.000223 
 12.943972    0.001506  0.001283  0.000223 
 12.958979    0.001453  0.001230  0.000223 
 12.973987    0.001407  0.001185  0.000222 
 12.988994    0.001368  0.001146  0.000222 
 13.004002    0.001334  0.001113  0.000221 
 13.019010    0.001305  0.001084  0.000221 
 13.034017    0.001279  0.001058  0.000221 
 13.049025    0.001256  0.001036  0.000220 
 13.064032    0.001236  0.001016  0.000220 
 13.079040    0.001218  0.000998  0.000219 
 13.094047    0.001201  0.000982  0.000219 
 13.109055    0.001187  0.000968  0.000219 
 13.124062    0.001173  0.000955  0.000218 
 13.139070    0.001161  0.000943  0.000218 
 13.154077    0.001149  0.000932  0.000217 
 13.169085    0.001139  0.000922  0.000217 
 13.184092    0.001129  0.000912  0.000217 
 13.199100    0.001120  0.000903  0.000216 
 13.214107    0.001111  0.000895  0.000216 
 13.229115    0.001103  0.000887  0.000216 
 13.244122    0.001095  0.000880  0.000215 
 13.259130    0.001088  0.000873  0.000215 
 13.274137    0.001081  0.000867  0.000214 
 13.289145    0.001074  0.000860  0.000214 
 13.304152    0.001068  0.000854  0.000214 
 13.319160    0.001062  0.000849  0.000213 
 13.334167    0.001056  0.000843  0.000213 
 13.349175    0.001051  0.000838  0.000213 
 13.364182    0.001045  0.000833  0.000212 
 13.379190    0.001040  0.000828  0.000212 
 13.394197    0.001035  0.000823  0.000211 
 13.409205    0.001030  0.000819  0.000211 
 13.424212    0.001025  0.000814  0.000211 
 13.439220    0.001021  0.000810  0.000210 
 13.454227    0.001016  0.000806  0.000210 
 13.469235    0.001012  0.000802  0.000210 
 13.484242    0.001007  0.000798  0.000209 
 13.499250    0.001003  0.000794  0.000209 
 13.514257    0.000999  0.000790  0.000209 
 13.529265    0.000995  0.000787  0.000208 
 13.544272    0.000991  0.000783  0.000208 
 13.559280    0.000987  0.000779  0.000207 
 13.574287    0.000983  0.000776  0.000207 
 13.589295    0.000979  0.000773  0.000207 
 13.604302    0.000976  0.000769  0.000206 
 13.619310    0.000972  0.000766  0.000206 
 13.634317    0.000968  0.000763  0.000206 
 13.649325    0.000965  0.000759  0.000205 
 13.664332    0.000961  0.000756  0.000205 
 13.679340    0.000958  0.000753  0.000205 
 13.694347    0.000955  0.000750  0.000204 
 13.709355    0.000951  0.000747  0.000204 
 13.724362    0.000948  0.000744  0.000204 
 13.739370    0.000945  0.000741  0.000203 
 13.754377    0.000941  0.000739  0.000203 
 13.769385    0.000938  0.000736  0.000203 
 13.784392    0.000935  0.000733  0.000202 
 13.799400    0.000932  0.000730  0.000202 
 13.814407    0.000929  0.000728  0.000202 
 13.829415    0.000926  0.000725  0.000201 
 13.844422    0.000923  0.000722  0.000201 
 13.859430    0.000920  0.000720  0.000200 
 13.874437    0.000917  0.000717  0.000200 
 13.889445    0.000914  0.000715  0.000200 
 13.904452    0.000911  0.000712  0.000199 
 13.919460    0.000909  0.000710  0.000199 
 13.934467    0.000906  0.000707  0.000199 
 13.949475    0.000903  0.000705  0.000198 
 13.964482    0.000900  0.000702  0.000198 
 13.979490    0.000898  0.000700  0.000198 
 13.994497    0.000895  0.000698  0.000197 
 14.009505    0.000893  0.000695  0.000197 
 14.024512    0.000890  0.000693  0.000197 
 14.039520    0.000887  0.000691  0.000196 
 14.054527    0.000885  0.000689  0.000196 
 14.069535    0.000883  0.000687  0.000196 
 14.084542    0.000880  0.000685  0.000195 
 14.099550    0.000878  0.000683  0.000195 
 14.114557    0.000875  0.000681  0.000195 
 14.129565    0.000873  0.000679  0.000195 
 14.144572    0.000871  0.000677  0.000194 
 14.159580    0.000869  0.000675  0.000194 
 14.174587    0.000867  0.000673  0.000194 
 14.189595    0.000865  0.000671  0.000193 
 14.204602    0.000863  0.000670  0.000193 
 14.219610    0.000861  0.000668  0.000193 
 14.234617    0.000859  0.000667  0.000192 
 14.249625    0.000857  0.000665  0.000192 
 14.264632    0.000856  0.000664  0.000192 
 14.279640    0.000854  0.000663  0.000191 
 14.294647    0.000853  0.000662  0.000191 
 14.309655    0.000852  0.000661  0.000191 
 14.324662    0.000851  0.000660  0.000190 
 14.339670    0.000850  0.000660  0.000190 
 14.354677    0.000850  0.000660  0.000190 
 14.369685    0.000849  0.000660  0.000189 
 14.384692    0.000850  0.000661  0.000189 
 14.399700    0.000850  0.000662  0.000189 
 14.414707    0.000852  0.000663  0.000188 
 14.429715    0.000853  0.000665  0.000188 
 14.444722    0.000856  0.000668  0.000188 
 14.459730    0.000860  0.000672  0.000188 
 14.474737    0.000864  0.000677  0.000187 
 14.489745    0.000871  0.000684  0.000187 
 14.504752    0.000878  0.000692  0.000187 
 14.519760    0.000888  0.000701  0.000186 
 14.534767    0.000899  0.000713  0.000186 
 14.549775    0.000911  0.000726  0.000186 
 14.564782    0.000924  0.000739  0.000185 
 14.579790    0.000936  0.000751  0.000185 
 14.594797    0.000943  0.000759  0.000185 
 14.609805    0.000946  0.000761  0.000185 
 14.624812    0.000941  0.000757  0.000184 
 14.639820    0.000930  0.000746  0.000184 
 14.654827    0.000915  0.000731  0.000184 
 14.669835    0.000898  0.000715  0.000183 
 14.684842    0.000881  0.000698  0.000183 
 14.699850    0.000865  0.000682  0.000183 
 14.714857    0.000851  0.000668  0.000182 
 14.729865    0.000838  0.000656  0.000182 
 14.744872    0.000828  0.000646  0.000182 
 14.759880    0.000818  0.000637  0.000182 
 14.774887    0.000810  0.000629  0.000181 
 14.789895    0.000803  0.000622  0.000181 
 14.804902    0.000796  0.000616  0.000181 
 14.819910    0.000791  0.000610  0.000180 
 14.834917    0.000785  0.000605  0.000180 
 14.849925    0.000781  0.000601  0.000180 
 14.864932    0.000776  0.000597  0.000180 
 14.879940    0.000772  0.000593  0.000179 
 14.894947    0.000769  0.000590  0.000179 
 14.909955    0.000765  0.000587  0.000179 
 14.924962    0.000762  0.000584  0.000178 
 14.939970    0.000759  0.000581  0.000178 
 14.954977    0.000756  0.000578  0.000178 
 14.969985    0.000753  0.000576  0.000178 
 14.984992    0.000751  0.000573  0.000177 
 15.000000    0.000748  0.000571  0.000177 
