-15.000000    0.000303  0.000109  0.000194 
-14.984992    0.000304  0.000109  0.000194 
-14.969985    0.000304  0.000109  0.000195 
-14.954977    0.000305  0.000110  0.000195 
-14.939970    0.000306  0.000110  0.000196 
-14.924962    0.000306  0.000110  0.000196 
-14.909955    0.000307  0.000110  0.000197 
-14.894947    0.000308  0.000110  0.000197 
-14.879940    0.000308  0.000111  0.000198 
-14.864932    0.000309  0.000111  0.000198 
-14.849925    0.000310  0.000111  0.000199 
-14.834917    0.000310  0.000111  0.000199 
-14.819910    0.000311  0.000111  0.000200 
-14.804902    0.000312  0.000112  0.000200 
-14.789895    0.000312  0.000112  0.000201 
-14.774887    0.000313  0.000112  0.000201 
-14.759880    0.000314  0.000112  0.000201 
-14.744872    0.000314  0.000112  0.000202 
-14.729865    0.000315  0.000113  0.000202 
-14.714857    0.000316  0.000113  0.000203 
-14.699850    0.000316  0.000113  0.000203 
-14.684842    0.000317  0.000113  0.000204 
-14.669835    0.000318  0.000113  0.000204 
-14.654827    0.000319  0.000114  0.000205 
-14.639820    0.000319  0.000114  0.000205 
-14.624812    0.000320  0.000114  0.000206 
-14.609805    0.000321  0.000114  0.000206 
-14.594797    0.000321  0.000114  0.000207 
-14.579790    0.000322  0.000115  0.000207 
-14.564782    0.000323  0.000115  0.000208 
-14.549775    0.000324  0.000115  0.000208 
-14.534767    0.000324  0.000115  0.000209 
-14.519760    0.000325  0.000116  0.000209 
-14.504752    0.000326  0.000116  0.000210 
-14.489745    0.000326  0.000116  0.000210 
-14.474737    0.000327  0.000116  0.000211 
-14.459730    0.000328  0.000116  0.000212 
-14.444722    0.000329  0.000117  0.000212 
-14.429715    0.000329  0.000117  0.000213 
-14.414707    0.000330  0.000117  0.000213 
-14.399700    0.000331  0.000117  0.000214 
-14.384692    0.000332  0.000117  0.000214 
-14.369685    0.000332  0.000118  0.000215 
-14.354677    0.000333  0.000118  0.000215 
-14.339670    0.000334  0.000118  0.000216 
-14.324662    0.000335  0.000118  0.000216 
-14.309655    0.000335  0.000118  0.000217 
-14.294647    0.000336  0.000119  0.000217 
-14.279640    0.000337  0.000119  0.000218 
-14.264632    0.000338  0.000119  0.000218 
-14.249625    0.000338  0.000119  0.000219 
-14.234617    0.000339  0.000120  0.000220 
-14.219610    0.000340  0.000120  0.000220 
-14.204602    0.000341  0.000120  0.000221 
-14.189595    0.000341  0.000120  0.000221 
-14.174587    0.000342  0.000120  0.000222 
-14.159580    0.000343  0.000121  0.000222 
-14.144572    0.000344  0.000121  0.000223 
-14.129565    0.000345  0.000121  0.000223 
-14.114557    0.000345  0.000121  0.000224 
-14.099550    0.000346  0.000122  0.000225 
-14.084542    0.000347  0.000122  0.000225 
-14.069535    0.000348  0.000122  0.000226 
-14.054527    0.000349  0.000122  0.000226 
-14.039520    0.000349  0.000123  0.000227 
-14.024512    0.000350  0.000123  0.000227 
-14.009505    0.000351  0.000123  0.000228 
-13.994497    0.000352  0.000123  0.000229 
-13.979490    0.000353  0.000123  0.000229 
-13.964482    0.000353  0.000124  0.000230 
-13.949475    0.000354  0.000124  0.000230 
-13.934467    0.000355  0.000124  0.000231 
-13.919460    0.000356  0.000124  0.000232 
-13.904452    0.000357  0.000125  0.000232 
-13.889445    0.000358  0.000125  0.000233 
-13.874437    0.000358  0.000125  0.000233 
-13.859430    0.000359  0.000125  0.000234 
-13.844422    0.000360  0.000126  0.000235 
-13.829415    0.000361  0.000126  0.000235 
-13.814407    0.000362  0.000126  0.000236 
-13.799400    0.000363  0.000126  0.000236 
-13.784392    0.000364  0.000126  0.000237 
-13.769385    0.000364  0.000127  0.000238 
-13.754377    0.000365  0.000127  0.000238 
-13.739370    0.000366  0.000127  0.000239 
-13.724362    0.000367  0.000127  0.000240 
-13.709355    0.000368  0.000128  0.000240 
-13.694347    0.000369  0.000128  0.000241 
-13.679340    0.000370  0.000128  0.000241 
-13.664332    0.000371  0.000128  0.000242 
-13.649325    0.000371  0.000129  0.000243 
-13.634317    0.000372  0.000129  0.000243 
-13.619310    0.000373  0.000129  0.000244 
-13.604302    0.000374  0.000129  0.000245 
-13.589295    0.000375  0.000130  0.000245 
-13.574287    0.000376  0.000130  0.000246 
-13.559280    0.000377  0.000130  0.000247 
-13.544272    0.000378  0.000130  0.000247 
-13.529265    0.000379  0.000131  0.000248 
-13.514257    0.000380  0.000131  0.000249 
-13.499250    0.000380  0.000131  0.000249 
-13.484242    0.000381  0.000131  0.000250 
-13.469235    0.000382  0.000132  0.000251 
-13.454227    0.000383  0.000132  0.000251 
-13.439220    0.000384  0.000132  0.000252 
-13.424212    0.000385  0.000132  0.000253 
-13.409205    0.000386  0.000133  0.000253 
-13.394197    0.000387  0.000133  0.000254 
-13.379190    0.000388  0.000133  0.000255 
-13.364182    0.000389  0.000133  0.000255 
-13.349175    0.000390  0.000134  0.000256 
-13.334167    0.000391  0.000134  0.000257 
-13.319160    0.000392  0.000134  0.000258 
-13.304152    0.000393  0.000135  0.000258 
-13.289145    0.000394  0.000135  0.000259 
-13.274137    0.000395  0.000135  0.000260 
-13.259130    0.000396  0.000135  0.000260 
-13.244122    0.000397  0.000136  0.000261 
-13.229115    0.000398  0.000136  0.000262 
-13.214107    0.000399  0.000136  0.000262 
-13.199100    0.000400  0.000136  0.000263 
-13.184092    0.000401  0.000137  0.000264 
-13.169085    0.000402  0.000137  0.000265 
-13.154077    0.000403  0.000137  0.000265 
-13.139070    0.000404  0.000137  0.000266 
-13.124062    0.000405  0.000138  0.000267 
-13.109055    0.000406  0.000138  0.000268 
-13.094047    0.000407  0.000138  0.000268 
-13.079040    0.000408  0.000139  0.000269 
-13.064032    0.000409  0.000139  0.000270 
-13.049025    0.000410  0.000139  0.000271 
-13.034017    0.000411  0.000139  0.000271 
-13.019010    0.000412  0.000140  0.000272 
-13.004002    0.000413  0.000140  0.000273 
-12.988994    0.000414  0.000140  0.000274 
-12.973987    0.000415  0.000141  0.000274 
-12.958979    0.000416  0.000141  0.000275 
-12.943972    0.000417  0.000141  0.000276 
-12.928964    0.000418  0.000141  0.000277 
-12.913957    0.000419  0.000142  0.000278 
-12.898949    0.000420  0.000142  0.000278 
-12.883942    0.000421  0.000142  0.000279 
-12.868934    0.000422  0.000142  0.000280 
-12.853927    0.000423  0.000143  0.000281 
-12.838919    0.000425  0.000143  0.000282 
-12.823912    0.000426  0.000143  0.000282 
-12.808904    0.000427  0.000144  0.000283 
-12.793897    0.000428  0.000144  0.000284 
-12.778889    0.000429  0.000144  0.000285 
-12.763882    0.000430  0.000145  0.000286 
-12.748874    0.000431  0.000145  0.000286 
-12.733867    0.000432  0.000145  0.000287 
-12.718859    0.000433  0.000145  0.000288 
-12.703852    0.000435  0.000146  0.000289 
-12.688844    0.000436  0.000146  0.000290 
-12.673837    0.000437  0.000146  0.000291 
-12.658829    0.000438  0.000147  0.000291 
-12.643822    0.000439  0.000147  0.000292 
-12.628814    0.000440  0.000147  0.000293 
-12.613807    0.000441  0.000147  0.000294 
-12.598799    0.000443  0.000148  0.000295 
-12.583792    0.000444  0.000148  0.000296 
-12.568784    0.000445  0.000148  0.000297 
-12.553777    0.000446  0.000149  0.000297 
-12.538769    0.000447  0.000149  0.000298 
-12.523762    0.000448  0.000149  0.000299 
-12.508754    0.000450  0.000150  0.000300 
-12.493747    0.000451  0.000150  0.000301 
-12.478739    0.000452  0.000150  0.000302 
-12.463732    0.000453  0.000151  0.000303 
-12.448724    0.000454  0.000151  0.000304 
-12.433717    0.000456  0.000151  0.000304 
-12.418709    0.000457  0.000152  0.000305 
-12.403702    0.000458  0.000152  0.000306 
-12.388694    0.000459  0.000152  0.000307 
-12.373687    0.000461  0.000152  0.000308 
-12.358679    0.000462  0.000153  0.000309 
-12.343672    0.000463  0.000153  0.000310 
-12.328664    0.000464  0.000153  0.000311 
-12.313657    0.000466  0.000154  0.000312 
-12.298649    0.000467  0.000154  0.000313 
-12.283642    0.000468  0.000154  0.000314 
-12.268634    0.000469  0.000155  0.000315 
-12.253627    0.000471  0.000155  0.000316 
-12.238619    0.000472  0.000155  0.000317 
-12.223612    0.000473  0.000156  0.000318 
-12.208604    0.000475  0.000156  0.000319 
-12.193597    0.000476  0.000156  0.000319 
-12.178589    0.000477  0.000157  0.000320 
-12.163582    0.000478  0.000157  0.000321 
-12.148574    0.000480  0.000157  0.000322 
-12.133567    0.000481  0.000158  0.000323 
-12.118559    0.000482  0.000158  0.000324 
-12.103552    0.000484  0.000158  0.000325 
-12.088544    0.000485  0.000159  0.000326 
-12.073537    0.000486  0.000159  0.000327 
-12.058529    0.000488  0.000159  0.000328 
-12.043522    0.000489  0.000160  0.000329 
-12.028514    0.000490  0.000160  0.000330 
-12.013507    0.000492  0.000160  0.000331 
-11.998499    0.000493  0.000161  0.000332 
-11.983492    0.000495  0.000161  0.000334 
-11.968484    0.000496  0.000161  0.000335 
-11.953477    0.000497  0.000162  0.000336 
-11.938469    0.000499  0.000162  0.000337 
-11.923462    0.000500  0.000162  0.000338 
-11.908454    0.000502  0.000163  0.000339 
-11.893447    0.000503  0.000163  0.000340 
-11.878439    0.000504  0.000163  0.000341 
-11.863432    0.000506  0.000164  0.000342 
-11.848424    0.000507  0.000164  0.000343 
-11.833417    0.000509  0.000165  0.000344 
-11.818409    0.000510  0.000165  0.000345 
-11.803402    0.000512  0.000165  0.000346 
-11.788394    0.000513  0.000166  0.000347 
-11.773387    0.000515  0.000166  0.000349 
-11.758379    0.000516  0.000166  0.000350 
-11.743372    0.000517  0.000167  0.000351 
-11.728364    0.000519  0.000167  0.000352 
-11.713357    0.000520  0.000167  0.000353 
-11.698349    0.000522  0.000168  0.000354 
-11.683342    0.000523  0.000168  0.000355 
-11.668334    0.000525  0.000169  0.000356 
-11.653327    0.000526  0.000169  0.000358 
-11.638319    0.000528  0.000169  0.000359 
-11.623312    0.000530  0.000170  0.000360 
-11.608304    0.000531  0.000170  0.000361 
-11.593297    0.000533  0.000170  0.000362 
-11.578289    0.000534  0.000171  0.000363 
-11.563282    0.000536  0.000171  0.000365 
-11.548274    0.000537  0.000172  0.000366 
-11.533267    0.000539  0.000172  0.000367 
-11.518259    0.000540  0.000172  0.000368 
-11.503252    0.000542  0.000173  0.000369 
-11.488244    0.000544  0.000173  0.000371 
-11.473237    0.000545  0.000173  0.000372 
-11.458229    0.000547  0.000174  0.000373 
-11.443222    0.000548  0.000174  0.000374 
-11.428214    0.000550  0.000175  0.000375 
-11.413207    0.000552  0.000175  0.000377 
-11.398199    0.000553  0.000175  0.000378 
-11.383192    0.000555  0.000176  0.000379 
-11.368184    0.000557  0.000176  0.000380 
-11.353177    0.000558  0.000177  0.000382 
-11.338169    0.000560  0.000177  0.000383 
-11.323162    0.000562  0.000177  0.000384 
-11.308154    0.000563  0.000178  0.000386 
-11.293147    0.000565  0.000178  0.000387 
-11.278139    0.000567  0.000179  0.000388 
-11.263132    0.000568  0.000179  0.000390 
-11.248124    0.000570  0.000179  0.000391 
-11.233117    0.000572  0.000180  0.000392 
-11.218109    0.000574  0.000180  0.000393 
-11.203102    0.000575  0.000181  0.000395 
-11.188094    0.000577  0.000181  0.000396 
-11.173087    0.000579  0.000181  0.000398 
-11.158079    0.000581  0.000182  0.000399 
-11.143072    0.000582  0.000182  0.000400 
-11.128064    0.000584  0.000183  0.000402 
-11.113057    0.000586  0.000183  0.000403 
-11.098049    0.000588  0.000184  0.000404 
-11.083042    0.000590  0.000184  0.000406 
-11.068034    0.000591  0.000184  0.000407 
-11.053027    0.000593  0.000185  0.000409 
-11.038019    0.000595  0.000185  0.000410 
-11.023012    0.000597  0.000186  0.000411 
-11.008004    0.000599  0.000186  0.000413 
-10.992996    0.000601  0.000186  0.000414 
-10.977989    0.000603  0.000187  0.000416 
-10.962981    0.000604  0.000187  0.000417 
-10.947974    0.000606  0.000188  0.000419 
-10.932966    0.000608  0.000188  0.000420 
-10.917959    0.000610  0.000189  0.000422 
-10.902951    0.000612  0.000189  0.000423 
-10.887944    0.000614  0.000190  0.000425 
-10.872936    0.000616  0.000190  0.000426 
-10.857929    0.000618  0.000190  0.000428 
-10.842921    0.000620  0.000191  0.000429 
-10.827914    0.000622  0.000191  0.000431 
-10.812906    0.000624  0.000192  0.000432 
-10.797899    0.000626  0.000192  0.000434 
-10.782891    0.000628  0.000193  0.000435 
-10.767884    0.000630  0.000193  0.000437 
-10.752876    0.000632  0.000194  0.000438 
-10.737869    0.000634  0.000194  0.000440 
-10.722861    0.000636  0.000194  0.000441 
-10.707854    0.000638  0.000195  0.000443 
-10.692846    0.000640  0.000195  0.000445 
-10.677839    0.000642  0.000196  0.000446 
-10.662831    0.000644  0.000196  0.000448 
-10.647824    0.000646  0.000197  0.000449 
-10.632816    0.000648  0.000197  0.000451 
-10.617809    0.000650  0.000198  0.000453 
-10.602801    0.000653  0.000198  0.000454 
-10.587794    0.000655  0.000199  0.000456 
-10.572786    0.000657  0.000199  0.000458 
-10.557779    0.000659  0.000200  0.000459 
-10.542771    0.000661  0.000200  0.000461 
-10.527764    0.000663  0.000201  0.000463 
-10.512756    0.000666  0.000201  0.000465 
-10.497749    0.000668  0.000202  0.000466 
-10.482741    0.000670  0.000202  0.000468 
-10.467734    0.000672  0.000202  0.000470 
-10.452726    0.000674  0.000203  0.000471 
-10.437719    0.000677  0.000203  0.000473 
-10.422711    0.000679  0.000204  0.000475 
-10.407704    0.000681  0.000204  0.000477 
-10.392696    0.000683  0.000205  0.000479 
-10.377689    0.000686  0.000205  0.000480 
-10.362681    0.000688  0.000206  0.000482 
-10.347674    0.000690  0.000206  0.000484 
-10.332666    0.000693  0.000207  0.000486 
-10.317659    0.000695  0.000207  0.000488 
-10.302651    0.000697  0.000208  0.000489 
-10.287644    0.000700  0.000208  0.000491 
-10.272636    0.000702  0.000209  0.000493 
-10.257629    0.000705  0.000209  0.000495 
-10.242621    0.000707  0.000210  0.000497 
-10.227614    0.000709  0.000211  0.000499 
-10.212606    0.000712  0.000211  0.000501 
-10.197599    0.000714  0.000212  0.000503 
-10.182591    0.000717  0.000212  0.000505 
-10.167584    0.000719  0.000213  0.000507 
-10.152576    0.000722  0.000213  0.000509 
-10.137569    0.000724  0.000214  0.000511 
-10.122561    0.000727  0.000214  0.000513 
-10.107554    0.000729  0.000215  0.000515 
-10.092546    0.000732  0.000215  0.000517 
-10.077539    0.000734  0.000216  0.000519 
-10.062531    0.000737  0.000216  0.000521 
-10.047524    0.000739  0.000217  0.000523 
-10.032516    0.000742  0.000217  0.000525 
-10.017509    0.000745  0.000218  0.000527 
-10.002501    0.000747  0.000218  0.000529 
-9.987494    0.000750  0.000219  0.000531 
-9.972486    0.000753  0.000220  0.000533 
-9.957479    0.000755  0.000220  0.000535 
-9.942471    0.000758  0.000221  0.000537 
-9.927464    0.000761  0.000221  0.000539 
-9.912456    0.000763  0.000222  0.000542 
-9.897449    0.000766  0.000222  0.000544 
-9.882441    0.000769  0.000223  0.000546 
-9.867434    0.000772  0.000223  0.000548 
-9.852426    0.000774  0.000224  0.000550 
-9.837419    0.000777  0.000225  0.000553 
-9.822411    0.000780  0.000225  0.000555 
-9.807404    0.000783  0.000226  0.000557 
-9.792396    0.000786  0.000226  0.000559 
-9.777389    0.000788  0.000227  0.000562 
-9.762381    0.000791  0.000227  0.000564 
-9.747374    0.000794  0.000228  0.000566 
-9.732366    0.000797  0.000229  0.000569 
-9.717359    0.000800  0.000229  0.000571 
-9.702351    0.000803  0.000230  0.000573 
-9.687344    0.000806  0.000230  0.000576 
-9.672336    0.000809  0.000231  0.000578 
-9.657329    0.000812  0.000232  0.000580 
-9.642321    0.000815  0.000232  0.000583 
-9.627314    0.000818  0.000233  0.000585 
-9.612306    0.000821  0.000233  0.000588 
-9.597299    0.000824  0.000234  0.000590 
-9.582291    0.000827  0.000235  0.000593 
-9.567284    0.000830  0.000235  0.000595 
-9.552276    0.000833  0.000236  0.000598 
-9.537269    0.000837  0.000236  0.000600 
-9.522261    0.000840  0.000237  0.000603 
-9.507254    0.000843  0.000238  0.000605 
-9.492246    0.000846  0.000238  0.000608 
-9.477239    0.000849  0.000239  0.000610 
-9.462231    0.000852  0.000240  0.000613 
-9.447224    0.000856  0.000240  0.000616 
-9.432216    0.000859  0.000241  0.000618 
-9.417209    0.000862  0.000241  0.000621 
-9.402201    0.000866  0.000242  0.000624 
-9.387194    0.000869  0.000243  0.000626 
-9.372186    0.000872  0.000243  0.000629 
-9.357179    0.000876  0.000244  0.000632 
-9.342171    0.000879  0.000245  0.000634 
-9.327164    0.000882  0.000245  0.000637 
-9.312156    0.000886  0.000246  0.000640 
-9.297149    0.000889  0.000247  0.000643 
-9.282141    0.000893  0.000247  0.000646 
-9.267134    0.000896  0.000248  0.000648 
-9.252126    0.000900  0.000249  0.000651 
-9.237119    0.000903  0.000249  0.000654 
-9.222111    0.000907  0.000250  0.000657 
-9.207104    0.000911  0.000251  0.000660 
-9.192096    0.000914  0.000251  0.000663 
-9.177089    0.000918  0.000252  0.000666 
-9.162081    0.000921  0.000253  0.000669 
-9.147074    0.000925  0.000253  0.000672 
-9.132066    0.000929  0.000254  0.000675 
-9.117059    0.000933  0.000255  0.000678 
-9.102051    0.000936  0.000255  0.000681 
-9.087044    0.000940  0.000256  0.000684 
-9.072036    0.000944  0.000257  0.000687 
-9.057029    0.000948  0.000257  0.000690 
-9.042021    0.000952  0.000258  0.000693 
-9.027014    0.000955  0.000259  0.000697 
-9.012006    0.000959  0.000259  0.000700 
-8.996998    0.000963  0.000260  0.000703 
-8.981991    0.000967  0.000261  0.000706 
-8.966983    0.000971  0.000262  0.000710 
-8.951976    0.000975  0.000262  0.000713 
-8.936968    0.000979  0.000263  0.000716 
-8.921961    0.000983  0.000264  0.000719 
-8.906953    0.000987  0.000264  0.000723 
-8.891946    0.000991  0.000265  0.000726 
-8.876938    0.000996  0.000266  0.000730 
-8.861931    0.001000  0.000267  0.000733 
-8.846923    0.001004  0.000267  0.000736 
-8.831916    0.001008  0.000268  0.000740 
-8.816908    0.001012  0.000269  0.000743 
-8.801901    0.001017  0.000270  0.000747 
-8.786893    0.001021  0.000270  0.000751 
-8.771886    0.001025  0.000271  0.000754 
-8.756878    0.001030  0.000272  0.000758 
-8.741871    0.001034  0.000273  0.000761 
-8.726863    0.001038  0.000273  0.000765 
-8.711856    0.001043  0.000274  0.000769 
-8.696848    0.001047  0.000275  0.000772 
-8.681841    0.001052  0.000276  0.000776 
-8.666833    0.001056  0.000276  0.000780 
-8.651826    0.001061  0.000277  0.000784 
-8.636818    0.001066  0.000278  0.000788 
-8.621811    0.001070  0.000279  0.000791 
-8.606803    0.001075  0.000280  0.000795 
-8.591796    0.001080  0.000280  0.000799 
-8.576788    0.001084  0.000281  0.000803 
-8.561781    0.001089  0.000282  0.000807 
-8.546773    0.001094  0.000283  0.000811 
-8.531766    0.001099  0.000284  0.000815 
-8.516758    0.001104  0.000284  0.000819 
-8.501751    0.001109  0.000285  0.000823 
-8.486743    0.001113  0.000286  0.000827 
-8.471736    0.001118  0.000287  0.000832 
-8.456728    0.001123  0.000288  0.000836 
-8.441721    0.001129  0.000289  0.000840 
-8.426713    0.001134  0.000289  0.000844 
-8.411706    0.001139  0.000290  0.000849 
-8.396698    0.001144  0.000291  0.000853 
-8.381691    0.001149  0.000292  0.000857 
-8.366683    0.001154  0.000293  0.000862 
-8.351676    0.001160  0.000294  0.000866 
-8.336668    0.001165  0.000294  0.000871 
-8.321661    0.001170  0.000295  0.000875 
-8.306653    0.001176  0.000296  0.000880 
-8.291646    0.001181  0.000297  0.000884 
-8.276638    0.001187  0.000298  0.000889 
-8.261631    0.001192  0.000299  0.000893 
-8.246623    0.001198  0.000300  0.000898 
-8.231616    0.001203  0.000300  0.000903 
-8.216608    0.001209  0.000301  0.000908 
-8.201601    0.001215  0.000302  0.000912 
-8.186593    0.001220  0.000303  0.000917 
-8.171586    0.001226  0.000304  0.000922 
-8.156578    0.001232  0.000305  0.000927 
-8.141571    0.001238  0.000306  0.000932 
-8.126563    0.001244  0.000307  0.000937 
-8.111556    0.001250  0.000308  0.000942 
-8.096548    0.001256  0.000309  0.000947 
-8.081541    0.001262  0.000309  0.000952 
-8.066533    0.001268  0.000310  0.000957 
-8.051526    0.001274  0.000311  0.000963 
-8.036518    0.001280  0.000312  0.000968 
-8.021511    0.001286  0.000313  0.000973 
-8.006503    0.001293  0.000314  0.000979 
-7.991496    0.001299  0.000315  0.000984 
-7.976488    0.001305  0.000316  0.000989 
-7.961481    0.001312  0.000317  0.000995 
-7.946473    0.001318  0.000318  0.001000 
-7.931466    0.001325  0.000319  0.001006 
-7.916458    0.001331  0.000320  0.001012 
-7.901451    0.001338  0.000321  0.001017 
-7.886443    0.001345  0.000322  0.001023 
-7.871436    0.001352  0.000323  0.001029 
-7.856428    0.001358  0.000324  0.001035 
-7.841421    0.001365  0.000325  0.001041 
-7.826413    0.001372  0.000326  0.001046 
-7.811406    0.001379  0.000327  0.001052 
-7.796398    0.001386  0.000328  0.001058 
-7.781391    0.001393  0.000329  0.001065 
-7.766383    0.001401  0.000330  0.001071 
-7.751376    0.001408  0.000331  0.001077 
-7.736368    0.001415  0.000332  0.001083 
-7.721361    0.001422  0.000333  0.001090 
-7.706353    0.001430  0.000334  0.001096 
-7.691346    0.001437  0.000335  0.001102 
-7.676338    0.001445  0.000336  0.001109 
-7.661331    0.001452  0.000337  0.001115 
-7.646323    0.001460  0.000338  0.001122 
-7.631316    0.001468  0.000339  0.001129 
-7.616308    0.001476  0.000340  0.001135 
-7.601301    0.001483  0.000341  0.001142 
-7.586293    0.001491  0.000342  0.001149 
-7.571286    0.001499  0.000343  0.001156 
-7.556278    0.001507  0.000344  0.001163 
-7.541271    0.001516  0.000346  0.001170 
-7.526263    0.001524  0.000347  0.001177 
-7.511256    0.001532  0.000348  0.001184 
-7.496248    0.001541  0.000349  0.001192 
-7.481241    0.001549  0.000350  0.001199 
-7.466233    0.001558  0.000351  0.001207 
-7.451226    0.001566  0.000352  0.001214 
-7.436218    0.001575  0.000353  0.001222 
-7.421211    0.001584  0.000354  0.001229 
-7.406203    0.001592  0.000355  0.001237 
-7.391196    0.001601  0.000357  0.001245 
-7.376188    0.001610  0.000358  0.001253 
-7.361181    0.001619  0.000359  0.001260 
-7.346173    0.001629  0.000360  0.001269 
-7.331166    0.001638  0.000361  0.001277 
-7.316158    0.001647  0.000362  0.001285 
-7.301151    0.001657  0.000364  0.001293 
-7.286143    0.001666  0.000365  0.001301 
-7.271136    0.001676  0.000366  0.001310 
-7.256128    0.001685  0.000367  0.001318 
-7.241121    0.001695  0.000368  0.001327 
-7.226113    0.001705  0.000369  0.001336 
-7.211106    0.001715  0.000371  0.001344 
-7.196098    0.001725  0.000372  0.001353 
-7.181091    0.001735  0.000373  0.001362 
-7.166083    0.001746  0.000374  0.001371 
-7.151076    0.001756  0.000376  0.001381 
-7.136068    0.001767  0.000377  0.001390 
-7.121061    0.001777  0.000378  0.001399 
-7.106053    0.001788  0.000379  0.001409 
-7.091046    0.001799  0.000381  0.001418 
-7.076038    0.001810  0.000382  0.001428 
-7.061031    0.001821  0.000383  0.001438 
-7.046023    0.001832  0.000384  0.001447 
-7.031016    0.001843  0.000386  0.001457 
-7.016008    0.001854  0.000387  0.001468 
-7.001001    0.001866  0.000388  0.001478 
-6.985993    0.001878  0.000390  0.001488 
-6.970985    0.001889  0.000391  0.001499 
-6.955978    0.001901  0.000392  0.001509 
-6.940970    0.001913  0.000393  0.001520 
-6.925963    0.001925  0.000395  0.001531 
-6.910955    0.001938  0.000396  0.001541 
-6.895948    0.001950  0.000397  0.001552 
-6.880940    0.001962  0.000399  0.001564 
-6.865933    0.001975  0.000400  0.001575 
-6.850925    0.001988  0.000401  0.001586 
-6.835918    0.002001  0.000403  0.001598 
-6.820910    0.002014  0.000404  0.001610 
-6.805903    0.002027  0.000406  0.001621 
-6.790895    0.002040  0.000407  0.001633 
-6.775888    0.002054  0.000408  0.001645 
-6.760880    0.002068  0.000410  0.001658 
-6.745873    0.002081  0.000411  0.001670 
-6.730865    0.002095  0.000413  0.001683 
-6.715858    0.002109  0.000414  0.001695 
-6.700850    0.002124  0.000415  0.001708 
-6.685843    0.002138  0.000417  0.001721 
-6.670835    0.002153  0.000418  0.001734 
-6.655828    0.002168  0.000420  0.001748 
-6.640820    0.002183  0.000421  0.001761 
-6.625813    0.002198  0.000423  0.001775 
-6.610805    0.002213  0.000424  0.001789 
-6.595798    0.002228  0.000426  0.001803 
-6.580790    0.002244  0.000427  0.001817 
-6.565783    0.002260  0.000429  0.001831 
-6.550775    0.002276  0.000430  0.001846 
-6.535768    0.002292  0.000432  0.001861 
-6.520760    0.002309  0.000433  0.001876 
-6.505753    0.002325  0.000435  0.001891 
-6.490745    0.002342  0.000436  0.001906 
-6.475738    0.002359  0.000438  0.001922 
-6.460730    0.002377  0.000439  0.001937 
-6.445723    0.002394  0.000441  0.001953 
-6.430715    0.002412  0.000443  0.001969 
-6.415708    0.002430  0.000444  0.001986 
-6.400700    0.002448  0.000446  0.002002 
-6.385693    0.002467  0.000447  0.002019 
-6.370685    0.002485  0.000449  0.002036 
-6.355678    0.002504  0.000451  0.002054 
-6.340670    0.002523  0.000452  0.002071 
-6.325663    0.002543  0.000454  0.002089 
-6.310655    0.002562  0.000455  0.002107 
-6.295648    0.002582  0.000457  0.002125 
-6.280640    0.002603  0.000459  0.002144 
-6.265633    0.002623  0.000460  0.002163 
-6.250625    0.002644  0.000462  0.002182 
-6.235618    0.002665  0.000464  0.002201 
-6.220610    0.002686  0.000465  0.002221 
-6.205603    0.002708  0.000467  0.002241 
-6.190595    0.002730  0.000469  0.002261 
-6.175588    0.002752  0.000471  0.002282 
-6.160580    0.002775  0.000472  0.002302 
-6.145573    0.002798  0.000474  0.002324 
-6.130565    0.002821  0.000476  0.002345 
-6.115558    0.002844  0.000478  0.002367 
-6.100550    0.002868  0.000479  0.002389 
-6.085543    0.002893  0.000481  0.002412 
-6.070535    0.002917  0.000483  0.002434 
-6.055528    0.002942  0.000485  0.002458 
-6.040520    0.002968  0.000487  0.002481 
-6.025513    0.002994  0.000488  0.002505 
-6.010505    0.003020  0.000490  0.002530 
-5.995498    0.003046  0.000492  0.002554 
-5.980490    0.003073  0.000494  0.002579 
-5.965483    0.003101  0.000496  0.002605 
-5.950475    0.003129  0.000498  0.002631 
-5.935468    0.003157  0.000500  0.002657 
-5.920460    0.003186  0.000501  0.002684 
-5.905453    0.003215  0.000503  0.002712 
-5.890445    0.003245  0.000505  0.002739 
-5.875438    0.003275  0.000507  0.002768 
-5.860430    0.003306  0.000509  0.002796 
-5.845423    0.003337  0.000511  0.002826 
-5.830415    0.003369  0.000513  0.002856 
-5.815408    0.003401  0.000515  0.002886 
-5.800400    0.003434  0.000517  0.002917 
-5.785393    0.003467  0.000519  0.002948 
-5.770385    0.003501  0.000521  0.002980 
-5.755378    0.003536  0.000523  0.003013 
-5.740370    0.003571  0.000525  0.003046 
-5.725363    0.003607  0.000527  0.003080 
-5.710355    0.003643  0.000529  0.003114 
-5.695348    0.003681  0.000531  0.003149 
-5.680340    0.003719  0.000533  0.003185 
-5.665333    0.003757  0.000535  0.003222 
-5.650325    0.003796  0.000538  0.003259 
-5.635318    0.003837  0.000540  0.003297 
-5.620310    0.003877  0.000542  0.003336 
-5.605303    0.003919  0.000544  0.003375 
-5.590295    0.003962  0.000546  0.003415 
-5.575288    0.004005  0.000548  0.003457 
-5.560280    0.004049  0.000550  0.003499 
-5.545273    0.004094  0.000553  0.003541 
-5.530265    0.004140  0.000555  0.003585 
-5.515258    0.004187  0.000557  0.003630 
-5.500250    0.004235  0.000559  0.003676 
-5.485243    0.004284  0.000562  0.003722 
-5.470235    0.004334  0.000564  0.003770 
-5.455228    0.004385  0.000566  0.003819 
-5.440220    0.004437  0.000568  0.003869 
-5.425213    0.004490  0.000571  0.003920 
-5.410205    0.004545  0.000573  0.003972 
-5.395198    0.004601  0.000575  0.004025 
-5.380190    0.004658  0.000578  0.004080 
-5.365183    0.004716  0.000580  0.004136 
-5.350175    0.004776  0.000582  0.004193 
-5.335168    0.004837  0.000585  0.004252 
-5.320160    0.004899  0.000587  0.004312 
-5.305153    0.004963  0.000590  0.004374 
-5.290145    0.005029  0.000592  0.004437 
-5.275138    0.005096  0.000595  0.004502 
-5.260130    0.005165  0.000597  0.004568 
-5.245123    0.005236  0.000600  0.004636 
-5.230115    0.005309  0.000602  0.004707 
-5.215108    0.005383  0.000605  0.004778 
-5.200100    0.005459  0.000607  0.004852 
-5.185093    0.005538  0.000610  0.004928 
-5.170085    0.005618  0.000612  0.005006 
-5.155078    0.005701  0.000615  0.005087 
-5.140070    0.005786  0.000617  0.005169 
-5.125063    0.005874  0.000620  0.005254 
-5.110055    0.005964  0.000623  0.005341 
-5.095048    0.006057  0.000625  0.005431 
-5.080040    0.006152  0.000628  0.005524 
-5.065033    0.006250  0.000631  0.005620 
-5.050025    0.006351  0.000633  0.005718 
-5.035018    0.006456  0.000636  0.005820 
-5.020010    0.006563  0.000639  0.005925 
-5.005003    0.006675  0.000641  0.006033 
-4.989995    0.006789  0.000644  0.006145 
-4.974987    0.006908  0.000647  0.006261 
-4.959980    0.007030  0.000650  0.006380 
-4.944972    0.007156  0.000653  0.006504 
-4.929965    0.007287  0.000655  0.006632 
-4.914957    0.007423  0.000658  0.006764 
-4.899950    0.007563  0.000661  0.006902 
-4.884942    0.007708  0.000664  0.007044 
-4.869935    0.007859  0.000667  0.007192 
-4.854927    0.008015  0.000670  0.007345 
-4.839920    0.008178  0.000673  0.007505 
-4.824912    0.008346  0.000676  0.007670 
-4.809905    0.008521  0.000679  0.007842 
-4.794897    0.008704  0.000682  0.008022 
-4.779890    0.008893  0.000685  0.008208 
-4.764882    0.009091  0.000688  0.008403 
-4.749875    0.009297  0.000691  0.008606 
-4.734867    0.009512  0.000694  0.008818 
-4.719860    0.009736  0.000697  0.009039 
-4.704852    0.009971  0.000700  0.009271 
-4.689845    0.010216  0.000704  0.009513 
-4.674837    0.010473  0.000707  0.009766 
-4.659830    0.010742  0.000710  0.010032 
-4.644822    0.011025  0.000713  0.010312 
-4.629815    0.011321  0.000716  0.010605 
-4.614807    0.011633  0.000720  0.010913 
-4.599800    0.011961  0.000723  0.011238 
-4.584792    0.012306  0.000726  0.011580 
-4.569785    0.012670  0.000730  0.011940 
-4.554777    0.013055  0.000733  0.012322 
-4.539770    0.013461  0.000736  0.012725 
-4.524762    0.013891  0.000740  0.013151 
-4.509755    0.014347  0.000743  0.013604 
-4.494747    0.014831  0.000747  0.014084 
-4.479740    0.015345  0.000750  0.014595 
-4.464732    0.015893  0.000754  0.015139 
-4.449725    0.016477  0.000757  0.015720 
-4.434717    0.017100  0.000761  0.016339 
-4.419710    0.017767  0.000764  0.017003 
-4.404702    0.018482  0.000768  0.017714 
-4.389695    0.019249  0.000772  0.018478 
-4.374687    0.020075  0.000775  0.019299 
-4.359680    0.020964  0.000779  0.020185 
-4.344672    0.021925  0.000783  0.021143 
-4.329665    0.022966  0.000786  0.022180 
-4.314657    0.024095  0.000790  0.023305 
-4.299650    0.025324  0.000794  0.024530 
-4.284642    0.026664  0.000798  0.025866 
-4.269635    0.028129  0.000802  0.027328 
-4.254627    0.029737  0.000805  0.028931 
-4.239620    0.031505  0.000809  0.030696 
-4.224612    0.033457  0.000813  0.032643 
-4.209605    0.035618  0.000817  0.034800 
-4.194597    0.038019  0.000821  0.037198 
-4.179590    0.040698  0.000825  0.039872 
-4.164582    0.043697  0.000829  0.042868 
-4.149575    0.047070  0.000833  0.046237 
-4.134567    0.050879  0.000837  0.050042 
-4.119560    0.055202  0.000842  0.054360 
-4.104552    0.060130  0.000846  0.059284 
-4.089545    0.065778  0.000850  0.064928 
-4.074537    0.072284  0.000854  0.071430 
-4.059530    0.079822  0.000858  0.078963 
-4.044522    0.088602  0.000863  0.087739 
-4.029515    0.098888  0.000867  0.098021 
-4.014507    0.111003  0.000871  0.110132 
-3.999500    0.125345  0.000876  0.124469 
-3.984492    0.142394  0.000880  0.141514 
-3.969485    0.162717  0.000885  0.161833 
-3.954477    0.186948  0.000889  0.186059 
-3.939470    0.215729  0.000894  0.214835 
-3.924462    0.249570  0.000898  0.248671 
-3.909455    0.288563  0.000903  0.287660 
-3.894447    0.331908  0.000907  0.331001 
-3.879440    0.377252  0.000912  0.376340 
-3.864432    0.420114  0.000917  0.419197 
-3.849425    0.454027  0.000922  0.453105 
-3.834417    0.472149  0.000926  0.471223 
-3.819410    0.470162  0.000931  0.469231 
-3.804402    0.448593  0.000936  0.447657 
-3.789395    0.412512  0.000941  0.411571 
-3.774387    0.368893  0.000946  0.367948 
-3.759380    0.323879  0.000951  0.322928 
-3.744372    0.281497  0.000956  0.280541 
-3.729365    0.243731  0.000961  0.242770 
-3.714357    0.211154  0.000966  0.210188 
-3.699350    0.183556  0.000971  0.182585 
-3.684342    0.160385  0.000976  0.159408 
-3.669335    0.140991  0.000982  0.140010 
-3.654327    0.124752  0.000987  0.123765 
-3.639320    0.111118  0.000992  0.110126 
-3.624312    0.099625  0.000997  0.098628 
-3.609305    0.089894  0.001003  0.088891 
-3.594297    0.081612  0.001008  0.080604 
-3.579290    0.074529  0.001014  0.073515 
-3.564282    0.068442  0.001019  0.067422 
-3.549275    0.063185  0.001025  0.062160 
-3.534267    0.058626  0.001030  0.057596 
-3.519260    0.054656  0.001036  0.053620 
-3.504252    0.051185  0.001042  0.050144 
-3.489245    0.048141  0.001048  0.047093 
-3.474237    0.045462  0.001053  0.044409 
-3.459230    0.043098  0.001059  0.042039 
-3.444222    0.041008  0.001065  0.039943 
-3.429215    0.039155  0.001071  0.038084 
-3.414207    0.037511  0.001077  0.036434 
-3.399200    0.036050  0.001083  0.034967 
-3.384192    0.034750  0.001089  0.033661 
-3.369185    0.033594  0.001095  0.032499 
-3.354177    0.032566  0.001102  0.031465 
-3.339170    0.031653  0.001108  0.030545 
-3.324162    0.030843  0.001114  0.029729 
-3.309155    0.030125  0.001120  0.029005 
-3.294147    0.029493  0.001127  0.028366 
-3.279140    0.028936  0.001133  0.027803 
-3.264132    0.028451  0.001140  0.027311 
-3.249125    0.028030  0.001146  0.026883 
-3.234117    0.027668  0.001153  0.026515 
-3.219110    0.027362  0.001160  0.026202 
-3.204102    0.027108  0.001167  0.025941 
-3.189095    0.026902  0.001173  0.025728 
-3.174087    0.026741  0.001180  0.025561 
-3.159080    0.026623  0.001187  0.025436 
-3.144072    0.026546  0.001194  0.025352 
-3.129065    0.026508  0.001201  0.025306 
-3.114057    0.026507  0.001208  0.025298 
-3.099050    0.026541  0.001216  0.025326 
-3.084042    0.026611  0.001223  0.025388 
-3.069035    0.026715  0.001230  0.025484 
-3.054027    0.026851  0.001238  0.025614 
-3.039020    0.027021  0.001245  0.025776 
-3.024012    0.027222  0.001253  0.025970 
-3.009005    0.027456  0.001260  0.026195 
-2.993997    0.027721  0.001268  0.026453 
-2.978989    0.028018  0.001276  0.026742 
-2.963982    0.028347  0.001283  0.027064 
-2.948974    0.028709  0.001291  0.027417 
-2.933967    0.029103  0.001299  0.027804 
-2.918959    0.029531  0.001307  0.028224 
-2.903952    0.029993  0.001315  0.028678 
-2.888944    0.030490  0.001324  0.029166 
-2.873937    0.031023  0.001332  0.029691 
-2.858929    0.031594  0.001340  0.030253 
-2.843922    0.032203  0.001349  0.030854 
-2.828914    0.032852  0.001357  0.031494 
-2.813907    0.033542  0.001366  0.032176 
-2.798899    0.034276  0.001374  0.032902 
-2.783892    0.035056  0.001383  0.033673 
-2.768884    0.035883  0.001392  0.034491 
-2.753877    0.036760  0.001401  0.035359 
-2.738869    0.037691  0.001410  0.036281 
-2.723862    0.038677  0.001419  0.037258 
-2.708854    0.039722  0.001428  0.038294 
-2.693847    0.040829  0.001437  0.039392 
-2.678839    0.042004  0.001447  0.040557 
-2.663832    0.043248  0.001456  0.041792 
-2.648824    0.044569  0.001466  0.043103 
-2.633817    0.045969  0.001475  0.044494 
-2.618809    0.047456  0.001485  0.045971 
-2.603802    0.049035  0.001495  0.047540 
-2.588794    0.050713  0.001505  0.049208 
-2.573787    0.052497  0.001515  0.050982 
-2.558779    0.054397  0.001525  0.052872 
-2.543772    0.056420  0.001535  0.054884 
-2.528764    0.058577  0.001546  0.057031 
-2.513757    0.060879  0.001556  0.059323 
-2.498749    0.063338  0.001567  0.061772 
-2.483742    0.065969  0.001577  0.064392 
-2.468734    0.068786  0.001588  0.067198 
-2.453727    0.071807  0.001599  0.070208 
-2.438719    0.075051  0.001610  0.073441 
-2.423712    0.078538  0.001621  0.076917 
-2.408704    0.082295  0.001632  0.080662 
-2.393697    0.086346  0.001644  0.084703 
-2.378689    0.090725  0.001655  0.089069 
-2.363682    0.095464  0.001667  0.093797 
-2.348674    0.100604  0.001678  0.098926 
-2.333667    0.106190  0.001690  0.104500 
-2.318659    0.112274  0.001702  0.110572 
-2.303652    0.118914  0.001714  0.117200 
-2.288644    0.126180  0.001726  0.124453 
-2.273637    0.134149  0.001739  0.132410 
-2.258629    0.142913  0.001751  0.141162 
-2.243622    0.152579  0.001764  0.150815 
-2.228614    0.163271  0.001777  0.161494 
-2.213607    0.175134  0.001790  0.173345 
-2.198599    0.188343  0.001803  0.186540 
-2.183592    0.203100  0.001816  0.201284 
-2.168584    0.219648  0.001829  0.217819 
-2.153577    0.238280  0.001843  0.236437 
-2.138569    0.259344  0.001856  0.257488 
-2.123562    0.283264  0.001870  0.281394 
-2.108554    0.310554  0.001884  0.308670 
-2.093547    0.341840  0.001898  0.339942 
-2.078539    0.377891  0.001912  0.375979 
-2.063532    0.419654  0.001927  0.417727 
-2.048524    0.468298  0.001941  0.466357 
-2.033517    0.525268  0.001956  0.523312 
-2.018509    0.592350  0.001971  0.590379 
-2.003502    0.671738  0.001986  0.669752 
-1.988494    0.766101  0.002001  0.764099 
-1.973487    0.878607  0.002017  0.876591 
-1.958479    1.012870  0.002032  1.010837 
-1.943472    1.172676  0.002048  1.170628 
-1.928464    1.361320  0.002064  1.359256 
-1.913457    1.580214  0.002080  1.578133 
-1.898449    1.826419  0.002097  1.824322 
-1.883442    2.089031  0.002113  2.086918 
-1.868434    2.345420  0.002130  2.343290 
-1.853427    2.560469  0.002147  2.558322 
-1.838419    2.693425  0.002164  2.691261 
-1.823412    2.713466  0.002182  2.711284 
-1.808404    2.615555  0.002199  2.613356 
-1.793397    2.423321  0.002217  2.421104 
-1.778389    2.176238  0.002235  2.174003 
-1.763382    1.912530  0.002253  1.910276 
-1.748374    1.659165  0.002272  1.656893 
-1.733367    1.430580  0.002291  1.428290 
-1.718359    1.231910  0.002310  1.229600 
-1.703352    1.062850  0.002329  1.060521 
-1.688344    0.920531  0.002348  0.918182 
-1.673337    0.801226  0.002368  0.798858 
-1.658329    0.701221  0.002388  0.698833 
-1.643322    0.617186  0.002408  0.614778 
-1.628314    0.546288  0.002428  0.543859 
-1.613307    0.486179  0.002449  0.483730 
-1.598299    0.434948  0.002470  0.432478 
-1.583292    0.391043  0.002491  0.388552 
-1.568284    0.353210  0.002513  0.350697 
-1.553277    0.320434  0.002535  0.317900 
-1.538269    0.291892  0.002557  0.289336 
-1.523262    0.266914  0.002579  0.264334 
-1.508254    0.244949  0.002602  0.242347 
-1.493247    0.225549  0.002625  0.222924 
-1.478239    0.208339  0.002648  0.205691 
-1.463232    0.193012  0.002672  0.190341 
-1.448224    0.179309  0.002696  0.176614 
-1.433217    0.167014  0.002720  0.164294 
-1.418209    0.155944  0.002744  0.153200 
-1.403202    0.145946  0.002769  0.143176 
-1.388194    0.136887  0.002795  0.134092 
-1.373187    0.128656  0.002820  0.125836 
-1.358179    0.121158  0.002846  0.118312 
-1.343172    0.114308  0.002873  0.111436 
-1.328164    0.108036  0.002899  0.105137 
-1.313157    0.102279  0.002926  0.099353 
-1.298149    0.096984  0.002954  0.094030 
-1.283142    0.092103  0.002982  0.089121 
-1.268134    0.087595  0.003010  0.084585 
-1.253127    0.083423  0.003039  0.080384 
-1.238119    0.079556  0.003068  0.076488 
-1.223112    0.075964  0.003097  0.072867 
-1.208104    0.072623  0.003127  0.069496 
-1.193097    0.069511  0.003158  0.066353 
-1.178089    0.066607  0.003188  0.063418 
-1.163082    0.063893  0.003220  0.060674 
-1.148074    0.061355  0.003251  0.058103 
-1.133067    0.058976  0.003284  0.055692 
-1.118059    0.056745  0.003316  0.053429 
-1.103052    0.054649  0.003350  0.051300 
-1.088044    0.052679  0.003383  0.049296 
-1.073037    0.050825  0.003417  0.047407 
-1.058029    0.049078  0.003452  0.045625 
-1.043022    0.047430  0.003488  0.043942 
-1.028014    0.045874  0.003523  0.042350 
-1.013007    0.044403  0.003560  0.040844 
-0.997999    0.043013  0.003597  0.039416 
-0.982991    0.041697  0.003634  0.038062 
-0.967984    0.040450  0.003672  0.036777 
-0.952976    0.039268  0.003711  0.035557 
-0.937969    0.038146  0.003751  0.034396 
-0.922961    0.037082  0.003791  0.033291 
-0.907954    0.036070  0.003831  0.032239 
-0.892946    0.035109  0.003873  0.031236 
-0.877939    0.034194  0.003915  0.030279 
-0.862931    0.033324  0.003957  0.029366 
-0.847924    0.032495  0.004001  0.028494 
-0.832916    0.031705  0.004045  0.027660 
-0.817909    0.030952  0.004090  0.026863 
-0.802901    0.030235  0.004136  0.026099 
-0.787894    0.029550  0.004182  0.025368 
-0.772886    0.028897  0.004229  0.024667 
-0.757879    0.028273  0.004277  0.023995 
-0.742871    0.027677  0.004326  0.023351 
-0.727864    0.027108  0.004376  0.022732 
-0.712856    0.026564  0.004426  0.022137 
-0.697849    0.026044  0.004478  0.021566 
-0.682841    0.025547  0.004530  0.021017 
-0.667834    0.025072  0.004584  0.020488 
-0.652826    0.024617  0.004638  0.019980 
-0.637819    0.024183  0.004693  0.019490 
-0.622811    0.023767  0.004749  0.019018 
-0.607804    0.023370  0.004807  0.018563 
-0.592796    0.022989  0.004865  0.018124 
-0.577789    0.022626  0.004924  0.017701 
-0.562781    0.022278  0.004985  0.017293 
-0.547774    0.021945  0.005047  0.016898 
-0.532766    0.021627  0.005109  0.016517 
-0.517759    0.021323  0.005173  0.016149 
-0.502751    0.021032  0.005239  0.015794 
-0.487744    0.020755  0.005305  0.015449 
-0.472736    0.020489  0.005373  0.015116 
-0.457729    0.020236  0.005442  0.014794 
-0.442721    0.019995  0.005513  0.014482 
-0.427714    0.019765  0.005584  0.014180 
-0.412706    0.019545  0.005658  0.013888 
-0.397699    0.019336  0.005732  0.013604 
-0.382691    0.019138  0.005809  0.013329 
-0.367684    0.018949  0.005886  0.013063 
-0.352676    0.018770  0.005966  0.012804 
-0.337669    0.018600  0.006047  0.012553 
-0.322661    0.018439  0.006129  0.012309 
-0.307654    0.018287  0.006214  0.012073 
-0.292646    0.018143  0.006300  0.011843 
-0.277639    0.018008  0.006388  0.011620 
-0.262631    0.017881  0.006478  0.011403 
-0.247624    0.017762  0.006570  0.011192 
-0.232616    0.017651  0.006663  0.010987 
-0.217609    0.017547  0.006759  0.010788 
-0.202601    0.017451  0.006857  0.010594 
-0.187594    0.017363  0.006957  0.010405 
-0.172586    0.017281  0.007060  0.010222 
-0.157579    0.017207  0.007164  0.010043 
-0.142571    0.017140  0.007271  0.009869 
-0.127564    0.017080  0.007381  0.009699 
-0.112556    0.017027  0.007493  0.009534 
-0.097549    0.016980  0.007607  0.009373 
-0.082541    0.016941  0.007724  0.009216 
-0.067534    0.016908  0.007844  0.009063 
-0.052526    0.016881  0.007967  0.008914 
-0.037519    0.016862  0.008093  0.008769 
-0.022511    0.016848  0.008221  0.008627 
-0.007504    0.016842  0.008353  0.008488 
 0.007504    0.016842  0.008488  0.008353 
 0.022511    0.016848  0.008627  0.008221 
 0.037519    0.016862  0.008769  0.008093 
 0.052526    0.016881  0.008914  0.007967 
 0.067534    0.016908  0.009063  0.007844 
 0.082541    0.016941  0.009216  0.007724 
 0.097549    0.016980  0.009373  0.007607 
 0.112556    0.017027  0.009534  0.007493 
 0.127564    0.017080  0.009699  0.007381 
 0.142571    0.017140  0.009869  0.007271 
 0.157579    0.017207  0.010043  0.007164 
 0.172586    0.017281  0.010222  0.007060 
 0.187594    0.017363  0.010405  0.006957 
 0.202601    0.017451  0.010594  0.006857 
 0.217609    0.017547  0.010788  0.006759 
 0.232616    0.017651  0.010987  0.006663 
 0.247624    0.017762  0.011192  0.006570 
 0.262631    0.017881  0.011403  0.006478 
 0.277639    0.018008  0.011620  0.006388 
 0.292646    0.018143  0.011843  0.006300 
 0.307654    0.018287  0.012073  0.006214 
 0.322661    0.018439  0.012309  0.006129 
 0.337669    0.018600  0.012553  0.006047 
 0.352676    0.018770  0.012804  0.005966 
 0.367684    0.018949  0.013063  0.005886 
 0.382691    0.019138  0.013329  0.005809 
 0.397699    0.019336  0.013604  0.005732 
 0.412706    0.019545  0.013888  0.005658 
 0.427714    0.019765  0.014180  0.005584 
 0.442721    0.019995  0.014482  0.005513 
 0.457729    0.020236  0.014794  0.005442 
 0.472736    0.020489  0.015116  0.005373 
 0.487744    0.020755  0.015449  0.005305 
 0.502751    0.021032  0.015794  0.005239 
 0.517759    0.021323  0.016149  0.005173 
 0.532766    0.021627  0.016517  0.005109 
 0.547774    0.021945  0.016898  0.005047 
 0.562781    0.022278  0.017293  0.004985 
 0.577789    0.022626  0.017701  0.004924 
 0.592796    0.022989  0.018124  0.004865 
 0.607804    0.023370  0.018563  0.004807 
 0.622811    0.023767  0.019018  0.004749 
 0.637819    0.024183  0.019490  0.004693 
 0.652826    0.024617  0.019980  0.004638 
 0.667834    0.025072  0.020488  0.004584 
 0.682841    0.025547  0.021017  0.004530 
 0.697849    0.026044  0.021566  0.004478 
 0.712856    0.026564  0.022137  0.004426 
 0.727864    0.027108  0.022732  0.004376 
 0.742871    0.027677  0.023351  0.004326 
 0.757879    0.028273  0.023995  0.004277 
 0.772886    0.028897  0.024667  0.004229 
 0.787894    0.029550  0.025368  0.004182 
 0.802901    0.030235  0.026099  0.004136 
 0.817909    0.030952  0.026863  0.004090 
 0.832916    0.031705  0.027660  0.004045 
 0.847924    0.032495  0.028494  0.004001 
 0.862931    0.033324  0.029366  0.003957 
 0.877939    0.034194  0.030279  0.003915 
 0.892946    0.035109  0.031236  0.003873 
 0.907954    0.036070  0.032239  0.003831 
 0.922961    0.037082  0.033291  0.003791 
 0.937969    0.038146  0.034396  0.003751 
 0.952976    0.039268  0.035557  0.003711 
 0.967984    0.040450  0.036777  0.003672 
 0.982991    0.041697  0.038062  0.003634 
 0.997999    0.043013  0.039416  0.003597 
 1.013007    0.044403  0.040844  0.003560 
 1.028014    0.045874  0.042350  0.003523 
 1.043022    0.047430  0.043942  0.003488 
 1.058029    0.049078  0.045625  0.003452 
 1.073037    0.050825  0.047407  0.003417 
 1.088044    0.052679  0.049296  0.003383 
 1.103052    0.054649  0.051300  0.003350 
 1.118059    0.056745  0.053429  0.003316 
 1.133067    0.058976  0.055692  0.003284 
 1.148074    0.061355  0.058103  0.003251 
 1.163082    0.063893  0.060674  0.003220 
 1.178089    0.066607  0.063418  0.003188 
 1.193097    0.069511  0.066353  0.003158 
 1.208104    0.072623  0.069496  0.003127 
 1.223112    0.075964  0.072867  0.003097 
 1.238119    0.079556  0.076488  0.003068 
 1.253127    0.083423  0.080384  0.003039 
 1.268134    0.087595  0.084585  0.003010 
 1.283142    0.092103  0.089121  0.002982 
 1.298149    0.096984  0.094030  0.002954 
 1.313157    0.102279  0.099353  0.002926 
 1.328164    0.108036  0.105137  0.002899 
 1.343172    0.114308  0.111436  0.002873 
 1.358179    0.121158  0.118312  0.002846 
 1.373187    0.128656  0.125836  0.002820 
 1.388194    0.136887  0.134092  0.002795 
 1.403202    0.145946  0.143176  0.002769 
 1.418209    0.155944  0.153200  0.002744 
 1.433217    0.167014  0.164294  0.002720 
 1.448224    0.179309  0.176614  0.002696 
 1.463232    0.193012  0.190341  0.002672 
 1.478239    0.208339  0.205691  0.002648 
 1.493247    0.225549  0.222924  0.002625 
 1.508254    0.244949  0.242347  0.002602 
 1.523262    0.266914  0.264334  0.002579 
 1.538269    0.291892  0.289336  0.002557 
 1.553277    0.320434  0.317900  0.002535 
 1.568284    0.353210  0.350697  0.002513 
 1.583292    0.391043  0.388552  0.002491 
 1.598299    0.434948  0.432478  0.002470 
 1.613307    0.486179  0.483730  0.002449 
 1.628314    0.546288  0.543859  0.002428 
 1.643322    0.617186  0.614778  0.002408 
 1.658329    0.701221  0.698833  0.002388 
 1.673337    0.801226  0.798858  0.002368 
 1.688344    0.920531  0.918182  0.002348 
 1.703352    1.062850  1.060521  0.002329 
 1.718359    1.231910  1.229600  0.002310 
 1.733367    1.430580  1.428290  0.002291 
 1.748374    1.659165  1.656893  0.002272 
 1.763382    1.912530  1.910276  0.002253 
 1.778389    2.176238  2.174003  0.002235 
 1.793397    2.423321  2.421104  0.002217 
 1.808404    2.615555  2.613356  0.002199 
 1.823412    2.713466  2.711284  0.002182 
 1.838419    2.693425  2.691261  0.002164 
 1.853427    2.560469  2.558322  0.002147 
 1.868434    2.345420  2.343290  0.002130 
 1.883442    2.089031  2.086918  0.002113 
 1.898449    1.826419  1.824322  0.002097 
 1.913457    1.580214  1.578133  0.002080 
 1.928464    1.361320  1.359256  0.002064 
 1.943472    1.172676  1.170628  0.002048 
 1.958479    1.012870  1.010837  0.002032 
 1.973487    0.878607  0.876591  0.002017 
 1.988494    0.766101  0.764099  0.002001 
 2.003502    0.671738  0.669752  0.001986 
 2.018509    0.592350  0.590379  0.001971 
 2.033517    0.525268  0.523312  0.001956 
 2.048524    0.468298  0.466357  0.001941 
 2.063532    0.419654  0.417727  0.001927 
 2.078539    0.377891  0.375979  0.001912 
 2.093547    0.341840  0.339942  0.001898 
 2.108554    0.310554  0.308670  0.001884 
 2.123562    0.283264  0.281394  0.001870 
 2.138569    0.259344  0.257488  0.001856 
 2.153577    0.238280  0.236437  0.001843 
 2.168584    0.219648  0.217819  0.001829 
 2.183592    0.203100  0.201284  0.001816 
 2.198599    0.188343  0.186540  0.001803 
 2.213607    0.175134  0.173345  0.001790 
 2.228614    0.163271  0.161494  0.001777 
 2.243622    0.152579  0.150815  0.001764 
 2.258629    0.142913  0.141162  0.001751 
 2.273637    0.134149  0.132410  0.001739 
 2.288644    0.126180  0.124453  0.001726 
 2.303652    0.118914  0.117200  0.001714 
 2.318659    0.112274  0.110572  0.001702 
 2.333667    0.106190  0.104500  0.001690 
 2.348674    0.100604  0.098926  0.001678 
 2.363682    0.095464  0.093797  0.001667 
 2.378689    0.090725  0.089069  0.001655 
 2.393697    0.086346  0.084703  0.001644 
 2.408704    0.082295  0.080662  0.001632 
 2.423712    0.078538  0.076917  0.001621 
 2.438719    0.075051  0.073441  0.001610 
 2.453727    0.071807  0.070208  0.001599 
 2.468734    0.068786  0.067198  0.001588 
 2.483742    0.065969  0.064392  0.001577 
 2.498749    0.063338  0.061772  0.001567 
 2.513757    0.060879  0.059323  0.001556 
 2.528764    0.058577  0.057031  0.001546 
 2.543772    0.056420  0.054884  0.001535 
 2.558779    0.054397  0.052872  0.001525 
 2.573787    0.052497  0.050982  0.001515 
 2.588794    0.050713  0.049208  0.001505 
 2.603802    0.049035  0.047540  0.001495 
 2.618809    0.047456  0.045971  0.001485 
 2.633817    0.045969  0.044494  0.001475 
 2.648824    0.044569  0.043103  0.001466 
 2.663832    0.043248  0.041792  0.001456 
 2.678839    0.042004  0.040557  0.001447 
 2.693847    0.040829  0.039392  0.001437 
 2.708854    0.039722  0.038294  0.001428 
 2.723862    0.038677  0.037258  0.001419 
 2.738869    0.037691  0.036281  0.001410 
 2.753877    0.036760  0.035359  0.001401 
 2.768884    0.035883  0.034491  0.001392 
 2.783892    0.035056  0.033673  0.001383 
 2.798899    0.034276  0.032902  0.001374 
 2.813907    0.033542  0.032176  0.001366 
 2.828914    0.032852  0.031494  0.001357 
 2.843922    0.032203  0.030854  0.001349 
 2.858929    0.031594  0.030253  0.001340 
 2.873937    0.031023  0.029691  0.001332 
 2.888944    0.030490  0.029166  0.001324 
 2.903952    0.029993  0.028678  0.001315 
 2.918959    0.029531  0.028224  0.001307 
 2.933967    0.029103  0.027804  0.001299 
 2.948974    0.028709  0.027417  0.001291 
 2.963982    0.028347  0.027064  0.001283 
 2.978989    0.028018  0.026742  0.001276 
 2.993997    0.027721  0.026453  0.001268 
 3.009005    0.027456  0.026195  0.001260 
 3.024012    0.027222  0.025970  0.001253 
 3.039020    0.027021  0.025776  0.001245 
 3.054027    0.026851  0.025614  0.001238 
 3.069035    0.026715  0.025484  0.001230 
 3.084042    0.026611  0.025388  0.001223 
 3.099050    0.026541  0.025326  0.001216 
 3.114057    0.026507  0.025298  0.001208 
 3.129065    0.026508  0.025306  0.001201 
 3.144072    0.026546  0.025352  0.001194 
 3.159080    0.026623  0.025436  0.001187 
 3.174087    0.026741  0.025561  0.001180 
 3.189095    0.026902  0.025728  0.001173 
 3.204102    0.027108  0.025941  0.001167 
 3.219110    0.027362  0.026202  0.001160 
 3.234117    0.027668  0.026515  0.001153 
 3.249125    0.028030  0.026883  0.001146 
 3.264132    0.028451  0.027311  0.001140 
 3.279140    0.028936  0.027803  0.001133 
 3.294147    0.029493  0.028366  0.001127 
 3.309155    0.030125  0.029005  0.001120 
 3.324162    0.030843  0.029729  0.001114 
 3.339170    0.031653  0.030545  0.001108 
 3.354177    0.032566  0.031465  0.001102 
 3.369185    0.033594  0.032499  0.001095 
 3.384192    0.034750  0.033661  0.001089 
 3.399200    0.036050  0.034967  0.001083 
 3.414207    0.037511  0.036434  0.001077 
 3.429215    0.039155  0.038084  0.001071 
 3.444222    0.041008  0.039943  0.001065 
 3.459230    0.043098  0.042039  0.001059 
 3.474237    0.045462  0.044409  0.001053 
 3.489245    0.048141  0.047093  0.001048 
 3.504252    0.051185  0.050144  0.001042 
 3.519260    0.054656  0.053620  0.001036 
 3.534267    0.058626  0.057596  0.001030 
 3.549275    0.063185  0.062160  0.001025 
 3.564282    0.068442  0.067422  0.001019 
 3.579290    0.074529  0.073515  0.001014 
 3.594297    0.081612  0.080604  0.001008 
 3.609305    0.089894  0.088891  0.001003 
 3.624312    0.099625  0.098628  0.000997 
 3.639320    0.111118  0.110126  0.000992 
 3.654327    0.124752  0.123765  0.000987 
 3.669335    0.140991  0.140010  0.000982 
 3.684342    0.160385  0.159408  0.000976 
 3.699350    0.183556  0.182585  0.000971 
 3.714357    0.211154  0.210188  0.000966 
 3.729365    0.243731  0.242770  0.000961 
 3.744372    0.281497  0.280541  0.000956 
 3.759380    0.323879  0.322928  0.000951 
 3.774387    0.368893  0.367948  0.000946 
 3.789395    0.412512  0.411571  0.000941 
 3.804402    0.448593  0.447657  0.000936 
 3.819410    0.470162  0.469231  0.000931 
 3.834417    0.472149  0.471223  0.000926 
 3.849425    0.454027  0.453105  0.000922 
 3.864432    0.420114  0.419197  0.000917 
 3.879440    0.377252  0.376340  0.000912 
 3.894447    0.331908  0.331001  0.000907 
 3.909455    0.288563  0.287660  0.000903 
 3.924462    0.249570  0.248671  0.000898 
 3.939470    0.215729  0.214835  0.000894 
 3.954477    0.186948  0.186059  0.000889 
 3.969485    0.162717  0.161833  0.000885 
 3.984492    0.142394  0.141514  0.000880 
 3.999500    0.125345  0.124469  0.000876 
 4.014507    0.111003  0.110132  0.000871 
 4.029515    0.098888  0.098021  0.000867 
 4.044522    0.088602  0.087739  0.000863 
 4.059530    0.079822  0.078963  0.000858 
 4.074537    0.072284  0.071430  0.000854 
 4.089545    0.065778  0.064928  0.000850 
 4.104552    0.060130  0.059284  0.000846 
 4.119560    0.055202  0.054360  0.000842 
 4.134567    0.050879  0.050042  0.000837 
 4.149575    0.047070  0.046237  0.000833 
 4.164582    0.043697  0.042868  0.000829 
 4.179590    0.040698  0.039872  0.000825 
 4.194597    0.038019  0.037198  0.000821 
 4.209605    0.035618  0.034800  0.000817 
 4.224612    0.033457  0.032643  0.000813 
 4.239620    0.031505  0.030696  0.000809 
 4.254627    0.029737  0.028931  0.000805 
 4.269635    0.028129  0.027328  0.000802 
 4.284642    0.026664  0.025866  0.000798 
 4.299650    0.025324  0.024530  0.000794 
 4.314657    0.024095  0.023305  0.000790 
 4.329665    0.022966  0.022180  0.000786 
 4.344672    0.021925  0.021143  0.000783 
 4.359680    0.020964  0.020185  0.000779 
 4.374687    0.020075  0.019299  0.000775 
 4.389695    0.019249  0.018478  0.000772 
 4.404702    0.018482  0.017714  0.000768 
 4.419710    0.017767  0.017003  0.000764 
 4.434717    0.017100  0.016339  0.000761 
 4.449725    0.016477  0.015720  0.000757 
 4.464732    0.015893  0.015139  0.000754 
 4.479740    0.015345  0.014595  0.000750 
 4.494747    0.014831  0.014084  0.000747 
 4.509755    0.014347  0.013604  0.000743 
 4.524762    0.013891  0.013151  0.000740 
 4.539770    0.013461  0.012725  0.000736 
 4.554777    0.013055  0.012322  0.000733 
 4.569785    0.012670  0.011940  0.000730 
 4.584792    0.012306  0.011580  0.000726 
 4.599800    0.011961  0.011238  0.000723 
 4.614807    0.011633  0.010913  0.000720 
 4.629815    0.011321  0.010605  0.000716 
 4.644822    0.011025  0.010312  0.000713 
 4.659830    0.010742  0.010032  0.000710 
 4.674837    0.010473  0.009766  0.000707 
 4.689845    0.010216  0.009513  0.000704 
 4.704852    0.009971  0.009271  0.000700 
 4.719860    0.009736  0.009039  0.000697 
 4.734867    0.009512  0.008818  0.000694 
 4.749875    0.009297  0.008606  0.000691 
 4.764882    0.009091  0.008403  0.000688 
 4.779890    0.008893  0.008208  0.000685 
 4.794897    0.008704  0.008022  0.000682 
 4.809905    0.008521  0.007842  0.000679 
 4.824912    0.008346  0.007670  0.000676 
 4.839920    0.008178  0.007505  0.000673 
 4.854927    0.008015  0.007345  0.000670 
 4.869935    0.007859  0.007192  0.000667 
 4.884942    0.007708  0.007044  0.000664 
 4.899950    0.007563  0.006902  0.000661 
 4.914957    0.007423  0.006764  0.000658 
 4.929965    0.007287  0.006632  0.000655 
 4.944972    0.007156  0.006504  0.000653 
 4.959980    0.007030  0.006380  0.000650 
 4.974987    0.006908  0.006261  0.000647 
 4.989995    0.006789  0.006145  0.000644 
 5.005003    0.006675  0.006033  0.000641 
 5.020010    0.006563  0.005925  0.000639 
 5.035018    0.006456  0.005820  0.000636 
 5.050025    0.006351  0.005718  0.000633 
 5.065033    0.006250  0.005620  0.000631 
 5.080040    0.006152  0.005524  0.000628 
 5.095048    0.006057  0.005431  0.000625 
 5.110055    0.005964  0.005341  0.000623 
 5.125063    0.005874  0.005254  0.000620 
 5.140070    0.005786  0.005169  0.000617 
 5.155078    0.005701  0.005087  0.000615 
 5.170085    0.005618  0.005006  0.000612 
 5.185093    0.005538  0.004928  0.000610 
 5.200100    0.005459  0.004852  0.000607 
 5.215108    0.005383  0.004778  0.000605 
 5.230115    0.005309  0.004707  0.000602 
 5.245123    0.005236  0.004636  0.000600 
 5.260130    0.005165  0.004568  0.000597 
 5.275138    0.005096  0.004502  0.000595 
 5.290145    0.005029  0.004437  0.000592 
 5.305153    0.004963  0.004374  0.000590 
 5.320160    0.004899  0.004312  0.000587 
 5.335168    0.004837  0.004252  0.000585 
 5.350175    0.004776  0.004193  0.000582 
 5.365183    0.004716  0.004136  0.000580 
 5.380190    0.004658  0.004080  0.000578 
 5.395198    0.004601  0.004025  0.000575 
 5.410205    0.004545  0.003972  0.000573 
 5.425213    0.004490  0.003920  0.000571 
 5.440220    0.004437  0.003869  0.000568 
 5.455228    0.004385  0.003819  0.000566 
 5.470235    0.004334  0.003770  0.000564 
 5.485243    0.004284  0.003722  0.000562 
 5.500250    0.004235  0.003676  0.000559 
 5.515258    0.004187  0.003630  0.000557 
 5.530265    0.004140  0.003585  0.000555 
 5.545273    0.004094  0.003541  0.000553 
 5.560280    0.004049  0.003499  0.000550 
 5.575288    0.004005  0.003457  0.000548 
 5.590295    0.003962  0.003415  0.000546 
 5.605303    0.003919  0.003375  0.000544 
 5.620310    0.003877  0.003336  0.000542 
 5.635318    0.003837  0.003297  0.000540 
 5.650325    0.003796  0.003259  0.000538 
 5.665333    0.003757  0.003222  0.000535 
 5.680340    0.003719  0.003185  0.000533 
 5.695348    0.003681  0.003149  0.000531 
 5.710355    0.003643  0.003114  0.000529 
 5.725363    0.003607  0.003080  0.000527 
 5.740370    0.003571  0.003046  0.000525 
 5.755378    0.003536  0.003013  0.000523 
 5.770385    0.003501  0.002980  0.000521 
 5.785393    0.003467  0.002948  0.000519 
 5.800400    0.003434  0.002917  0.000517 
 5.815408    0.003401  0.002886  0.000515 
 5.830415    0.003369  0.002856  0.000513 
 5.845423    0.003337  0.002826  0.000511 
 5.860430    0.003306  0.002796  0.000509 
 5.875438    0.003275  0.002768  0.000507 
 5.890445    0.003245  0.002739  0.000505 
 5.905453    0.003215  0.002712  0.000503 
 5.920460    0.003186  0.002684  0.000501 
 5.935468    0.003157  0.002657  0.000500 
 5.950475    0.003129  0.002631  0.000498 
 5.965483    0.003101  0.002605  0.000496 
 5.980490    0.003073  0.002579  0.000494 
 5.995498    0.003046  0.002554  0.000492 
 6.010505    0.003020  0.002530  0.000490 
 6.025513    0.002994  0.002505  0.000488 
 6.040520    0.002968  0.002481  0.000487 
 6.055528    0.002942  0.002458  0.000485 
 6.070535    0.002917  0.002434  0.000483 
 6.085543    0.002893  0.002412  0.000481 
 6.100550    0.002868  0.002389  0.000479 
 6.115558    0.002844  0.002367  0.000478 
 6.130565    0.002821  0.002345  0.000476 
 6.145573    0.002798  0.002324  0.000474 
 6.160580    0.002775  0.002302  0.000472 
 6.175588    0.002752  0.002282  0.000471 
 6.190595    0.002730  0.002261  0.000469 
 6.205603    0.002708  0.002241  0.000467 
 6.220610    0.002686  0.002221  0.000465 
 6.235618    0.002665  0.002201  0.000464 
 6.250625    0.002644  0.002182  0.000462 
 6.265633    0.002623  0.002163  0.000460 
 6.280640    0.002603  0.002144  0.000459 
 6.295648    0.002582  0.002125  0.000457 
 6.310655    0.002562  0.002107  0.000455 
 6.325663    0.002543  0.002089  0.000454 
 6.340670    0.002523  0.002071  0.000452 
 6.355678    0.002504  0.002054  0.000451 
 6.370685    0.002485  0.002036  0.000449 
 6.385693    0.002467  0.002019  0.000447 
 6.400700    0.002448  0.002002  0.000446 
 6.415708    0.002430  0.001986  0.000444 
 6.430715    0.002412  0.001969  0.000443 
 6.445723    0.002394  0.001953  0.000441 
 6.460730    0.002377  0.001937  0.000439 
 6.475738    0.002359  0.001922  0.000438 
 6.490745    0.002342  0.001906  0.000436 
 6.505753    0.002325  0.001891  0.000435 
 6.520760    0.002309  0.001876  0.000433 
 6.535768    0.002292  0.001861  0.000432 
 6.550775    0.002276  0.001846  0.000430 
 6.565783    0.002260  0.001831  0.000429 
 6.580790    0.002244  0.001817  0.000427 
 6.595798    0.002228  0.001803  0.000426 
 6.610805    0.002213  0.001789  0.000424 
 6.625813    0.002198  0.001775  0.000423 
 6.640820    0.002183  0.001761  0.000421 
 6.655828    0.002168  0.001748  0.000420 
 6.670835    0.002153  0.001734  0.000418 
 6.685843    0.002138  0.001721  0.000417 
 6.700850    0.002124  0.001708  0.000415 
 6.715858    0.002109  0.001695  0.000414 
 6.730865    0.002095  0.001683  0.000413 
 6.745873    0.002081  0.001670  0.000411 
 6.760880    0.002068  0.001658  0.000410 
 6.775888    0.002054  0.001645  0.000408 
 6.790895    0.002040  0.001633  0.000407 
 6.805903    0.002027  0.001621  0.000406 
 6.820910    0.002014  0.001610  0.000404 
 6.835918    0.002001  0.001598  0.000403 
 6.850925    0.001988  0.001586  0.000401 
 6.865933    0.001975  0.001575  0.000400 
 6.880940    0.001962  0.001564  0.000399 
 6.895948    0.001950  0.001552  0.000397 
 6.910955    0.001938  0.001541  0.000396 
 6.925963    0.001925  0.001531  0.000395 
 6.940970    0.001913  0.001520  0.000393 
 6.955978    0.001901  0.001509  0.000392 
 6.970985    0.001889  0.001499  0.000391 
 6.985993    0.001878  0.001488  0.000390 
 7.001001    0.001866  0.001478  0.000388 
 7.016008    0.001854  0.001468  0.000387 
 7.031016    0.001843  0.001457  0.000386 
 7.046023    0.001832  0.001447  0.000384 
 7.061031    0.001821  0.001438  0.000383 
 7.076038    0.001810  0.001428  0.000382 
 7.091046    0.001799  0.001418  0.000381 
 7.106053    0.001788  0.001409  0.000379 
 7.121061    0.001777  0.001399  0.000378 
 7.136068    0.001767  0.001390  0.000377 
 7.151076    0.001756  0.001381  0.000376 
 7.166083    0.001746  0.001371  0.000374 
 7.181091    0.001735  0.001362  0.000373 
 7.196098    0.001725  0.001353  0.000372 
 7.211106    0.001715  0.001344  0.000371 
 7.226113    0.001705  0.001336  0.000369 
 7.241121    0.001695  0.001327  0.000368 
 7.256128    0.001685  0.001318  0.000367 
 7.271136    0.001676  0.001310  0.000366 
 7.286143    0.001666  0.001301  0.000365 
 7.301151    0.001657  0.001293  0.000364 
 7.316158    0.001647  0.001285  0.000362 
 7.331166    0.001638  0.001277  0.000361 
 7.346173    0.001629  0.001269  0.000360 
 7.361181    0.001619  0.001260  0.000359 
 7.376188    0.001610  0.001253  0.000358 
 7.391196    0.001601  0.001245  0.000357 
 7.406203    0.001592  0.001237  0.000355 
 7.421211    0.001584  0.001229  0.000354 
 7.436218    0.001575  0.001222  0.000353 
 7.451226    0.001566  0.001214  0.000352 
 7.466233    0.001558  0.001207  0.000351 
 7.481241    0.001549  0.001199  0.000350 
 7.496248    0.001541  0.001192  0.000349 
 7.511256    0.001532  0.001184  0.000348 
 7.526263    0.001524  0.001177  0.000347 
 7.541271    0.001516  0.001170  0.000346 
 7.556278    0.001507  0.001163  0.000344 
 7.571286    0.001499  0.001156  0.000343 
 7.586293    0.001491  0.001149  0.000342 
 7.601301    0.001483  0.001142  0.000341 
 7.616308    0.001476  0.001135  0.000340 
 7.631316    0.001468  0.001129  0.000339 
 7.646323    0.001460  0.001122  0.000338 
 7.661331    0.001452  0.001115  0.000337 
 7.676338    0.001445  0.001109  0.000336 
 7.691346    0.001437  0.001102  0.000335 
 7.706353    0.001430  0.001096  0.000334 
 7.721361    0.001422  0.001090  0.000333 
 7.736368    0.001415  0.001083  0.000332 
 7.751376    0.001408  0.001077  0.000331 
 7.766383    0.001401  0.001071  0.000330 
 7.781391    0.001393  0.001065  0.000329 
 7.796398    0.001386  0.001058  0.000328 
 7.811406    0.001379  0.001052  0.000327 
 7.826413    0.001372  0.001046  0.000326 
 7.841421    0.001365  0.001041  0.000325 
 7.856428    0.001358  0.001035  0.000324 
 7.871436    0.001352  0.001029  0.000323 
 7.886443    0.001345  0.001023  0.000322 
 7.901451    0.001338  0.001017  0.000321 
 7.916458    0.001331  0.001012  0.000320 
 7.931466    0.001325  0.001006  0.000319 
 7.946473    0.001318  0.001000  0.000318 
 7.961481    0.001312  0.000995  0.000317 
 7.976488    0.001305  0.000989  0.000316 
 7.991496    0.001299  0.000984  0.000315 
 8.006503    0.001293  0.000979  0.000314 
 8.021511    0.001286  0.000973  0.000313 
 8.036518    0.001280  0.000968  0.000312 
 8.051526    0.001274  0.000963  0.000311 
 8.066533    0.001268  0.000957  0.000310 
 8.081541    0.001262  0.000952  0.000309 
 8.096548    0.001256  0.000947  0.000309 
 8.111556    0.001250  0.000942  0.000308 
 8.126563    0.001244  0.000937  0.000307 
 8.141571    0.001238  0.000932  0.000306 
 8.156578    0.001232  0.000927  0.000305 
 8.171586    0.001226  0.000922  0.000304 
 8.186593    0.001220  0.000917  0.000303 
 8.201601    0.001215  0.000912  0.000302 
 8.216608    0.001209  0.000908  0.000301 
 8.231616    0.001203  0.000903  0.000300 
 8.246623    0.001198  0.000898  0.000300 
 8.261631    0.001192  0.000893  0.000299 
 8.276638    0.001187  0.000889  0.000298 
 8.291646    0.001181  0.000884  0.000297 
 8.306653    0.001176  0.000880  0.000296 
 8.321661    0.001170  0.000875  0.000295 
 8.336668    0.001165  0.000871  0.000294 
 8.351676    0.001160  0.000866  0.000294 
 8.366683    0.001154  0.000862  0.000293 
 8.381691    0.001149  0.000857  0.000292 
 8.396698    0.001144  0.000853  0.000291 
 8.411706    0.001139  0.000849  0.000290 
 8.426713    0.001134  0.000844  0.000289 
 8.441721    0.001129  0.000840  0.000289 
 8.456728    0.001123  0.000836  0.000288 
 8.471736    0.001118  0.000832  0.000287 
 8.486743    0.001113  0.000827  0.000286 
 8.501751    0.001109  0.000823  0.000285 
 8.516758    0.001104  0.000819  0.000284 
 8.531766    0.001099  0.000815  0.000284 
 8.546773    0.001094  0.000811  0.000283 
 8.561781    0.001089  0.000807  0.000282 
 8.576788    0.001084  0.000803  0.000281 
 8.591796    0.001080  0.000799  0.000280 
 8.606803    0.001075  0.000795  0.000280 
 8.621811    0.001070  0.000791  0.000279 
 8.636818    0.001066  0.000788  0.000278 
 8.651826    0.001061  0.000784  0.000277 
 8.666833    0.001056  0.000780  0.000276 
 8.681841    0.001052  0.000776  0.000276 
 8.696848    0.001047  0.000772  0.000275 
 8.711856    0.001043  0.000769  0.000274 
 8.726863    0.001038  0.000765  0.000273 
 8.741871    0.001034  0.000761  0.000273 
 8.756878    0.001030  0.000758  0.000272 
 8.771886    0.001025  0.000754  0.000271 
 8.786893    0.001021  0.000751  0.000270 
 8.801901    0.001017  0.000747  0.000270 
 8.816908    0.001012  0.000743  0.000269 
 8.831916    0.001008  0.000740  0.000268 
 8.846923    0.001004  0.000736  0.000267 
 8.861931    0.001000  0.000733  0.000267 
 8.876938    0.000996  0.000730  0.000266 
 8.891946    0.000991  0.000726  0.000265 
 8.906953    0.000987  0.000723  0.000264 
 8.921961    0.000983  0.000719  0.000264 
 8.936968    0.000979  0.000716  0.000263 
 8.951976    0.000975  0.000713  0.000262 
 8.966983    0.000971  0.000710  0.000262 
 8.981991    0.000967  0.000706  0.000261 
 8.996998    0.000963  0.000703  0.000260 
 9.012006    0.000959  0.000700  0.000259 
 9.027014    0.000955  0.000697  0.000259 
 9.042021    0.000952  0.000693  0.000258 
 9.057029    0.000948  0.000690  0.000257 
 9.072036    0.000944  0.000687  0.000257 
 9.087044    0.000940  0.000684  0.000256 
 9.102051    0.000936  0.000681  0.000255 
 9.117059    0.000933  0.000678  0.000255 
 9.132066    0.000929  0.000675  0.000254 
 9.147074    0.000925  0.000672  0.000253 
 9.162081    0.000921  0.000669  0.000253 
 9.177089    0.000918  0.000666  0.000252 
 9.192096    0.000914  0.000663  0.000251 
 9.207104    0.000911  0.000660  0.000251 
 9.222111    0.000907  0.000657  0.000250 
 9.237119    0.000903  0.000654  0.000249 
 9.252126    0.000900  0.000651  0.000249 
 9.267134    0.000896  0.000648  0.000248 
 9.282141    0.000893  0.000646  0.000247 
 9.297149    0.000889  0.000643  0.000247 
 9.312156    0.000886  0.000640  0.000246 
 9.327164    0.000882  0.000637  0.000245 
 9.342171    0.000879  0.000634  0.000245 
 9.357179    0.000876  0.000632  0.000244 
 9.372186    0.000872  0.000629  0.000243 
 9.387194    0.000869  0.000626  0.000243 
 9.402201    0.000866  0.000624  0.000242 
 9.417209    0.000862  0.000621  0.000241 
 9.432216    0.000859  0.000618  0.000241 
 9.447224    0.000856  0.000616  0.000240 
 9.462231    0.000852  0.000613  0.000240 
 9.477239    0.000849  0.000610  0.000239 
 9.492246    0.000846  0.000608  0.000238 
 9.507254    0.000843  0.000605  0.000238 
 9.522261    0.000840  0.000603  0.000237 
 9.537269    0.000837  0.000600  0.000236 
 9.552276    0.000833  0.000598  0.000236 
 9.567284    0.000830  0.000595  0.000235 
 9.582291    0.000827  0.000593  0.000235 
 9.597299    0.000824  0.000590  0.000234 
 9.612306    0.000821  0.000588  0.000233 
 9.627314    0.000818  0.000585  0.000233 
 9.642321    0.000815  0.000583  0.000232 
 9.657329    0.000812  0.000580  0.000232 
 9.672336    0.000809  0.000578  0.000231 
 9.687344    0.000806  0.000576  0.000230 
 9.702351    0.000803  0.000573  0.000230 
 9.717359    0.000800  0.000571  0.000229 
 9.732366    0.000797  0.000569  0.000229 
 9.747374    0.000794  0.000566  0.000228 
 9.762381    0.000791  0.000564  0.000227 
 9.777389    0.000788  0.000562  0.000227 
 9.792396    0.000786  0.000559  0.000226 
 9.807404    0.000783  0.000557  0.000226 
 9.822411    0.000780  0.000555  0.000225 
 9.837419    0.000777  0.000553  0.000225 
 9.852426    0.000774  0.000550  0.000224 
 9.867434    0.000772  0.000548  0.000223 
 9.882441    0.000769  0.000546  0.000223 
 9.897449    0.000766  0.000544  0.000222 
 9.912456    0.000763  0.000542  0.000222 
 9.927464    0.000761  0.000539  0.000221 
 9.942471    0.000758  0.000537  0.000221 
 9.957479    0.000755  0.000535  0.000220 
 9.972486    0.000753  0.000533  0.000220 
 9.987494    0.000750  0.000531  0.000219 
 10.002501    0.000747  0.000529  0.000218 
 10.017509    0.000745  0.000527  0.000218 
 10.032516    0.000742  0.000525  0.000217 
 10.047524    0.000739  0.000523  0.000217 
 10.062531    0.000737  0.000521  0.000216 
 10.077539    0.000734  0.000519  0.000216 
 10.092546    0.000732  0.000517  0.000215 
 10.107554    0.000729  0.000515  0.000215 
 10.122561    0.000727  0.000513  0.000214 
 10.137569    0.000724  0.000511  0.000214 
 10.152576    0.000722  0.000509  0.000213 
 10.167584    0.000719  0.000507  0.000213 
 10.182591    0.000717  0.000505  0.000212 
 10.197599    0.000714  0.000503  0.000212 
 10.212606    0.000712  0.000501  0.000211 
 10.227614    0.000709  0.000499  0.000211 
 10.242621    0.000707  0.000497  0.000210 
 10.257629    0.000705  0.000495  0.000209 
 10.272636    0.000702  0.000493  0.000209 
 10.287644    0.000700  0.000491  0.000208 
 10.302651    0.000697  0.000489  0.000208 
 10.317659    0.000695  0.000488  0.000207 
 10.332666    0.000693  0.000486  0.000207 
 10.347674    0.000690  0.000484  0.000206 
 10.362681    0.000688  0.000482  0.000206 
 10.377689    0.000686  0.000480  0.000205 
 10.392696    0.000683  0.000479  0.000205 
 10.407704    0.000681  0.000477  0.000204 
 10.422711    0.000679  0.000475  0.000204 
 10.437719    0.000677  0.000473  0.000203 
 10.452726    0.000674  0.000471  0.000203 
 10.467734    0.000672  0.000470  0.000202 
 10.482741    0.000670  0.000468  0.000202 
 10.497749    0.000668  0.000466  0.000202 
 10.512756    0.000666  0.000465  0.000201 
 10.527764    0.000663  0.000463  0.000201 
 10.542771    0.000661  0.000461  0.000200 
 10.557779    0.000659  0.000459  0.000200 
 10.572786    0.000657  0.000458  0.000199 
 10.587794    0.000655  0.000456  0.000199 
 10.602801    0.000653  0.000454  0.000198 
 10.617809    0.000650  0.000453  0.000198 
 10.632816    0.000648  0.000451  0.000197 
 10.647824    0.000646  0.000449  0.000197 
 10.662831    0.000644  0.000448  0.000196 
 10.677839    0.000642  0.000446  0.000196 
 10.692846    0.000640  0.000445  0.000195 
 10.707854    0.000638  0.000443  0.000195 
 10.722861    0.000636  0.000441  0.000194 
 10.737869    0.000634  0.000440  0.000194 
 10.752876    0.000632  0.000438  0.000194 
 10.767884    0.000630  0.000437  0.000193 
 10.782891    0.000628  0.000435  0.000193 
 10.797899    0.000626  0.000434  0.000192 
 10.812906    0.000624  0.000432  0.000192 
 10.827914    0.000622  0.000431  0.000191 
 10.842921    0.000620  0.000429  0.000191 
 10.857929    0.000618  0.000428  0.000190 
 10.872936    0.000616  0.000426  0.000190 
 10.887944    0.000614  0.000425  0.000190 
 10.902951    0.000612  0.000423  0.000189 
 10.917959    0.000610  0.000422  0.000189 
 10.932966    0.000608  0.000420  0.000188 
 10.947974    0.000606  0.000419  0.000188 
 10.962981    0.000604  0.000417  0.000187 
 10.977989    0.000603  0.000416  0.000187 
 10.992996    0.000601  0.000414  0.000186 
 11.008004    0.000599  0.000413  0.000186 
 11.023012    0.000597  0.000411  0.000186 
 11.038019    0.000595  0.000410  0.000185 
 11.053027    0.000593  0.000409  0.000185 
 11.068034    0.000591  0.000407  0.000184 
 11.083042    0.000590  0.000406  0.000184 
 11.098049    0.000588  0.000404  0.000184 
 11.113057    0.000586  0.000403  0.000183 
 11.128064    0.000584  0.000402  0.000183 
 11.143072    0.000582  0.000400  0.000182 
 11.158079    0.000581  0.000399  0.000182 
 11.173087    0.000579  0.000398  0.000181 
 11.188094    0.000577  0.000396  0.000181 
 11.203102    0.000575  0.000395  0.000181 
 11.218109    0.000574  0.000393  0.000180 
 11.233117    0.000572  0.000392  0.000180 
 11.248124    0.000570  0.000391  0.000179 
 11.263132    0.000568  0.000390  0.000179 
 11.278139    0.000567  0.000388  0.000179 
 11.293147    0.000565  0.000387  0.000178 
 11.308154    0.000563  0.000386  0.000178 
 11.323162    0.000562  0.000384  0.000177 
 11.338169    0.000560  0.000383  0.000177 
 11.353177    0.000558  0.000382  0.000177 
 11.368184    0.000557  0.000380  0.000176 
 11.383192    0.000555  0.000379  0.000176 
 11.398199    0.000553  0.000378  0.000175 
 11.413207    0.000552  0.000377  0.000175 
 11.428214    0.000550  0.000375  0.000175 
 11.443222    0.000548  0.000374  0.000174 
 11.458229    0.000547  0.000373  0.000174 
 11.473237    0.000545  0.000372  0.000173 
 11.488244    0.000544  0.000371  0.000173 
 11.503252    0.000542  0.000369  0.000173 
 11.518259    0.000540  0.000368  0.000172 
 11.533267    0.000539  0.000367  0.000172 
 11.548274    0.000537  0.000366  0.000172 
 11.563282    0.000536  0.000365  0.000171 
 11.578289    0.000534  0.000363  0.000171 
 11.593297    0.000533  0.000362  0.000170 
 11.608304    0.000531  0.000361  0.000170 
 11.623312    0.000530  0.000360  0.000170 
 11.638319    0.000528  0.000359  0.000169 
 11.653327    0.000526  0.000358  0.000169 
 11.668334    0.000525  0.000356  0.000169 
 11.683342    0.000523  0.000355  0.000168 
 11.698349    0.000522  0.000354  0.000168 
 11.713357    0.000520  0.000353  0.000167 
 11.728364    0.000519  0.000352  0.000167 
 11.743372    0.000517  0.000351  0.000167 
 11.758379    0.000516  0.000350  0.000166 
 11.773387    0.000515  0.000349  0.000166 
 11.788394    0.000513  0.000347  0.000166 
 11.803402    0.000512  0.000346  0.000165 
 11.818409    0.000510  0.000345  0.000165 
 11.833417    0.000509  0.000344  0.000165 
 11.848424    0.000507  0.000343  0.000164 
 11.863432    0.000506  0.000342  0.000164 
 11.878439    0.000504  0.000341  0.000163 
 11.893447    0.000503  0.000340  0.000163 
 11.908454    0.000502  0.000339  0.000163 
 11.923462    0.000500  0.000338  0.000162 
 11.938469    0.000499  0.000337  0.000162 
 11.953477    0.000497  0.000336  0.000162 
 11.968484    0.000496  0.000335  0.000161 
 11.983492    0.000495  0.000334  0.000161 
 11.998499    0.000493  0.000332  0.000161 
 12.013507    0.000492  0.000331  0.000160 
 12.028514    0.000490  0.000330  0.000160 
 12.043522    0.000489  0.000329  0.000160 
 12.058529    0.000488  0.000328  0.000159 
 12.073537    0.000486  0.000327  0.000159 
 12.088544    0.000485  0.000326  0.000159 
 12.103552    0.000484  0.000325  0.000158 
 12.118559    0.000482  0.000324  0.000158 
 12.133567    0.000481  0.000323  0.000158 
 12.148574    0.000480  0.000322  0.000157 
 12.163582    0.000478  0.000321  0.000157 
 12.178589    0.000477  0.000320  0.000157 
 12.193597    0.000476  0.000319  0.000156 
 12.208604    0.000475  0.000319  0.000156 
 12.223612    0.000473  0.000318  0.000156 
 12.238619    0.000472  0.000317  0.000155 
 12.253627    0.000471  0.000316  0.000155 
 12.268634    0.000469  0.000315  0.000155 
 12.283642    0.000468  0.000314  0.000154 
 12.298649    0.000467  0.000313  0.000154 
 12.313657    0.000466  0.000312  0.000154 
 12.328664    0.000464  0.000311  0.000153 
 12.343672    0.000463  0.000310  0.000153 
 12.358679    0.000462  0.000309  0.000153 
 12.373687    0.000461  0.000308  0.000152 
 12.388694    0.000459  0.000307  0.000152 
 12.403702    0.000458  0.000306  0.000152 
 12.418709    0.000457  0.000305  0.000152 
 12.433717    0.000456  0.000304  0.000151 
 12.448724    0.000454  0.000304  0.000151 
 12.463732    0.000453  0.000303  0.000151 
 12.478739    0.000452  0.000302  0.000150 
 12.493747    0.000451  0.000301  0.000150 
 12.508754    0.000450  0.000300  0.000150 
 12.523762    0.000448  0.000299  0.000149 
 12.538769    0.000447  0.000298  0.000149 
 12.553777    0.000446  0.000297  0.000149 
 12.568784    0.000445  0.000297  0.000148 
 12.583792    0.000444  0.000296  0.000148 
 12.598799    0.000443  0.000295  0.000148 
 12.613807    0.000441  0.000294  0.000147 
 12.628814    0.000440  0.000293  0.000147 
 12.643822    0.000439  0.000292  0.000147 
 12.658829    0.000438  0.000291  0.000147 
 12.673837    0.000437  0.000291  0.000146 
 12.688844    0.000436  0.000290  0.000146 
 12.703852    0.000435  0.000289  0.000146 
 12.718859    0.000433  0.000288  0.000145 
 12.733867    0.000432  0.000287  0.000145 
 12.748874    0.000431  0.000286  0.000145 
 12.763882    0.000430  0.000286  0.000145 
 12.778889    0.000429  0.000285  0.000144 
 12.793897    0.000428  0.000284  0.000144 
 12.808904    0.000427  0.000283  0.000144 
 12.823912    0.000426  0.000282  0.000143 
 12.838919    0.000425  0.000282  0.000143 
 12.853927    0.000423  0.000281  0.000143 
 12.868934    0.000422  0.000280  0.000142 
 12.883942    0.000421  0.000279  0.000142 
 12.898949    0.000420  0.000278  0.000142 
 12.913957    0.000419  0.000278  0.000142 
 12.928964    0.000418  0.000277  0.000141 
 12.943972    0.000417  0.000276  0.000141 
 12.958979    0.000416  0.000275  0.000141 
 12.973987    0.000415  0.000274  0.000141 
 12.988994    0.000414  0.000274  0.000140 
 13.004002    0.000413  0.000273  0.000140 
 13.019010    0.000412  0.000272  0.000140 
 13.034017    0.000411  0.000271  0.000139 
 13.049025    0.000410  0.000271  0.000139 
 13.064032    0.000409  0.000270  0.000139 
 13.079040    0.000408  0.000269  0.000139 
 13.094047    0.000407  0.000268  0.000138 
 13.109055    0.000406  0.000268  0.000138 
 13.124062    0.000405  0.000267  0.000138 
 13.139070    0.000404  0.000266  0.000137 
 13.154077    0.000403  0.000265  0.000137 
 13.169085    0.000402  0.000265  0.000137 
 13.184092    0.000401  0.000264  0.000137 
 13.199100    0.000400  0.000263  0.000136 
 13.214107    0.000399  0.000262  0.000136 
 13.229115    0.000398  0.000262  0.000136 
 13.244122    0.000397  0.000261  0.000136 
 13.259130    0.000396  0.000260  0.000135 
 13.274137    0.000395  0.000260  0.000135 
 13.289145    0.000394  0.000259  0.000135 
 13.304152    0.000393  0.000258  0.000135 
 13.319160    0.000392  0.000258  0.000134 
 13.334167    0.000391  0.000257  0.000134 
 13.349175    0.000390  0.000256  0.000134 
 13.364182    0.000389  0.000255  0.000133 
 13.379190    0.000388  0.000255  0.000133 
 13.394197    0.000387  0.000254  0.000133 
 13.409205    0.000386  0.000253  0.000133 
 13.424212    0.000385  0.000253  0.000132 
 13.439220    0.000384  0.000252  0.000132 
 13.454227    0.000383  0.000251  0.000132 
 13.469235    0.000382  0.000251  0.000132 
 13.484242    0.000381  0.000250  0.000131 
 13.499250    0.000380  0.000249  0.000131 
 13.514257    0.000380  0.000249  0.000131 
 13.529265    0.000379  0.000248  0.000131 
 13.544272    0.000378  0.000247  0.000130 
 13.559280    0.000377  0.000247  0.000130 
 13.574287    0.000376  0.000246  0.000130 
 13.589295    0.000375  0.000245  0.000130 
 13.604302    0.000374  0.000245  0.000129 
 13.619310    0.000373  0.000244  0.000129 
 13.634317    0.000372  0.000243  0.000129 
 13.649325    0.000371  0.000243  0.000129 
 13.664332    0.000371  0.000242  0.000128 
 13.679340    0.000370  0.000241  0.000128 
 13.694347    0.000369  0.000241  0.000128 
 13.709355    0.000368  0.000240  0.000128 
 13.724362    0.000367  0.000240  0.000127 
 13.739370    0.000366  0.000239  0.000127 
 13.754377    0.000365  0.000238  0.000127 
 13.769385    0.000364  0.000238  0.000127 
 13.784392    0.000364  0.000237  0.000126 
 13.799400    0.000363  0.000236  0.000126 
 13.814407    0.000362  0.000236  0.000126 
 13.829415    0.000361  0.000235  0.000126 
 13.844422    0.000360  0.000235  0.000126 
 13.859430    0.000359  0.000234  0.000125 
 13.874437    0.000358  0.000233  0.000125 
 13.889445    0.000358  0.000233  0.000125 
 13.904452    0.000357  0.000232  0.000125 
 13.919460    0.000356  0.000232  0.000124 
 13.934467    0.000355  0.000231  0.000124 
 13.949475    0.000354  0.000230  0.000124 
 13.964482    0.000353  0.000230  0.000124 
 13.979490    0.000353  0.000229  0.000123 
 13.994497    0.000352  0.000229  0.000123 
 14.009505    0.000351  0.000228  0.000123 
 14.024512    0.000350  0.000227  0.000123 
 14.039520    0.000349  0.000227  0.000123 
 14.054527    0.000349  0.000226  0.000122 
 14.069535    0.000348  0.000226  0.000122 
 14.084542    0.000347  0.000225  0.000122 
 14.099550    0.000346  0.000225  0.000122 
 14.114557    0.000345  0.000224  0.000121 
 14.129565    0.000345  0.000223  0.000121 
 14.144572    0.000344  0.000223  0.000121 
 14.159580    0.000343  0.000222  0.000121 
 14.174587    0.000342  0.000222  0.000120 
 14.189595    0.000341  0.000221  0.000120 
 14.204602    0.000341  0.000221  0.000120 
 14.219610    0.000340  0.000220  0.000120 
 14.234617    0.000339  0.000220  0.000120 
 14.249625    0.000338  0.000219  0.000119 
 14.264632    0.000338  0.000218  0.000119 
 14.279640    0.000337  0.000218  0.000119 
 14.294647    0.000336  0.000217  0.000119 
 14.309655    0.000335  0.000217  0.000118 
 14.324662    0.000335  0.000216  0.000118 
 14.339670    0.000334  0.000216  0.000118 
 14.354677    0.000333  0.000215  0.000118 
 14.369685    0.000332  0.000215  0.000118 
 14.384692    0.000332  0.000214  0.000117 
 14.399700    0.000331  0.000214  0.000117 
 14.414707    0.000330  0.000213  0.000117 
 14.429715    0.000329  0.000213  0.000117 
 14.444722    0.000329  0.000212  0.000117 
 14.459730    0.000328  0.000212  0.000116 
 14.474737    0.000327  0.000211  0.000116 
 14.489745    0.000326  0.000210  0.000116 
 14.504752    0.000326  0.000210  0.000116 
 14.519760    0.000325  0.000209  0.000116 
 14.534767    0.000324  0.000209  0.000115 
 14.549775    0.000324  0.000208  0.000115 
 14.564782    0.000323  0.000208  0.000115 
 14.579790    0.000322  0.000207  0.000115 
 14.594797    0.000321  0.000207  0.000114 
 14.609805    0.000321  0.000206  0.000114 
 14.624812    0.000320  0.000206  0.000114 
 14.639820    0.000319  0.000205  0.000114 
 14.654827    0.000319  0.000205  0.000114 
 14.669835    0.000318  0.000204  0.000113 
 14.684842    0.000317  0.000204  0.000113 
 14.699850    0.000316  0.000203  0.000113 
 14.714857    0.000316  0.000203  0.000113 
 14.729865    0.000315  0.000202  0.000113 
 14.744872    0.000314  0.000202  0.000112 
 14.759880    0.000314  0.000201  0.000112 
 14.774887    0.000313  0.000201  0.000112 
 14.789895    0.000312  0.000201  0.000112 
 14.804902    0.000312  0.000200  0.000112 
 14.819910    0.000311  0.000200  0.000111 
 14.834917    0.000310  0.000199  0.000111 
 14.849925    0.000310  0.000199  0.000111 
 14.864932    0.000309  0.000198  0.000111 
 14.879940    0.000308  0.000198  0.000111 
 14.894947    0.000308  0.000197  0.000110 
 14.909955    0.000307  0.000197  0.000110 
 14.924962    0.000306  0.000196  0.000110 
 14.939970    0.000306  0.000196  0.000110 
 14.954977    0.000305  0.000195  0.000110 
 14.969985    0.000304  0.000195  0.000109 
 14.984992    0.000304  0.000194  0.000109 
 15.000000    0.000303  0.000194  0.000109 
